1 0.11590883707216187 0.31237936847545167 0.09385034120377386 0.20043596408132056
0 0.9326409985661305 0.39856647703812653 0.10129654397479394 0.2484888907154483
0 0.8963317880228658 0.08198901547379593 0.08717041146123658 0.16397803094759186
0 0.7521244135761407 0.046629201000777665 0.08543216451903082 0.09325840200155533
0 0.6432874334486338 0.26294978683400716 0.09650601990522507 0.21647338496917037
0 0.6567967629776745 0.05014725981160052 0.08335489142508384 0.10029451962320104
0 0.49351399791782796 0.05686324674131393 0.09009239344179203 0.11372649348262787
0 0.2593857790458753 0.06719873146575836 0.08227080308271233 0.13439746293151672
0 0.4933251363178498 0.2119533397372248 0.08552306810982699 0.2013384394624233
0 0.5218960847935982 0.5838381981925793 0.0965454114612367 0.22851042200620753
0 0.5782220114128774 0.6802373528075114 0.11375715241878238 0.23787591838453498
0 0.38413618900777863 0.8385104709076723 0.11002647573403929 0.2115346402526564
0 0.05371423223607428 0.8108517357833284 0.09662722469295329 0.25351042200620755
0 0.16689817115199362 0.6089979244657717 0.07509125084469423 0.1955220892443572
0 0.12835667811227597 0.693048088287327 0.09443480705066457 0.21993974455518683
0 0.07039314542576804 0.17584526835377243 0.09014996571596283 0.18335394520870119
0 0.287085915363725 0.31835044577334676 0.10481511228101266 0.2100153540325121