1 0.12588395055820772 0.6804776803024007 0.09633588061921655 0.1946373778284207
0 0.8407760449980705 0.9872905325153555 0.05620854367903216 0.02541893496928904
0 0.9390973490143781 0.5435286462743955 0.10440043709846876 0.24223678375003102
0 0.9097074632043548 0.8914962200122457 0.09001968835210998 0.21700755997550863
0 0.7666821021811797 0.931310255768916 0.08757821562407173 0.1373794884621679
0 0.6530534214828208 0.6971079961278612 0.09919767722341177 0.21051282703322874
0 0.6714453756922174 0.9307238844211516 0.08552519169515331 0.1385522311576968
0 0.5081717030433212 0.9291909913487788 0.09212932330420334 0.14161801730244228
0 0.2741253158699219 0.9260146550147862 0.08427135919758075 0.1479706899704276
0 0.5044277087617431 0.7574178149995526 0.08803285669029831 0.19605816259525757
0 0.5256338043676811 0.3838322538722582 0.09939468835210997 0.22254986407026567
0 0.5799412157559752 0.28395070807192535 0.11670342596977056 0.23084634734051662
0 0.38318222453146394 0.13777687469499414 0.11263326097462543 0.20473182956489663
0 0.05404229770376361 0.18597361922905054 0.09980386531171415 0.24754986407026566
0 0.17093594028743925 0.3807492679976762 0.07754041651259388 0.19088969910935902
0 0.13083055256425574 0.2991124822534452 0.09717496269890867 0.2141087639656786
0 0.08315053666263113 0.8198138905407047 0.09241726264614712 0.17778211931206
0 0.2965609462474998 0.663865063428653 0.10740977293908464 0.2035364867108363