1 0.12017062782595749 0.3373543171547512 0.09633588061921655 0.19946811368252498
0 0.8255910333860949 0.12153471673375343 0.05620854367903239 0.06682758977020208
0 0.9392488960364537 0.6010277956968476 0.10440043709846876 0.24744534252009898
0 0.8983262818464771 0.24507277041515876 0.09001968835210998 0.2265448138889048
0 0.7533308095363189 0.16997620457677876 0.08757821562407149 0.17267932305334008
0 0.6476886569013445 0.4026056223060088 0.09919767722341154 0.21547849964303425
0 0.6579425360252811 0.15547755990362414 0.08552519169515355 0.17431545872937723
0 0.49465370867417735 0.1381078416611799 0.09212932330420347 0.16483135111558994
0 0.26047092918090997 0.10970006973733032 0.08427135919758075 0.16124463767850683
0 0.4968352029557554 0.3190454666137679 0.08803285669029842 0.2004571008311178
0 0.5303166073498173 0.6968767414213365 0.09939468835210997 0.2275155366800713
0 0.5879883626281899 0.8054518914241359 0.11670342596977056 0.23670260253795036
0 0.39568485385270125 0.9081104589831851 0.11263326097462543 0.18377908203362991
0 0.06440811401373492 0.8219517129741282 0.09980386531171416 0.25251553668007126
0 0.17511863809672595 0.6448463201891202 0.0775404165125939 0.19474889032241444
0 0.1376198591532428 0.7204582360442 0.09717496269890862 0.21896648717092326
0 0.07279987505486739 0.19102278818609053 0.09241726264614712 0.18242394370818257
0 0.2916811321366654 0.3805329710565008 0.10740977293908453 0.20893395693888586