0 0.7981463579842509 0.6620642940719669 0.041376542395939624 0.06478208973372103
1 0.08913664329612075 0.5049142523335551 0.052200365997780614 0.08242287203579833
1 0.14052243271223744 0.4148464888652314 0.04988252436774683 0.08066720035539461
0 0.009602672081886926 0.6418242782678151 0.01920534416377385 0.07935940557985373
0 0.12140406678567991 0.6030245010324963 0.06591064764463865 0.08808677224809225
0 0.0596121919841065 0.6378299306901052 0.05028161398635612 0.07664183256120996
0 0.11339488351371595 0.947238914819488 0.04465653670764572 0.06254546738419701
0 0.10646026993270492 0.9172801727129003 0.040184826892031934 0.06309256558183077
0 0.17773007253502213 0.6895995477365469 0.04740070929325924 0.07485308711654896
0 0.13738100948722118 0.7150478281176417 0.05028161398635612 0.07664183256120978
0 0.27865310438877927 0.8124235847325766 0.04002085344757823 0.05903412402338921
0 0.24876130730178556 0.7736912999465433 0.042005194836784186 0.06643854012135456
1 0.15594621864648736 0.7977676915713656 0.04673926216352396 0.0723849484172273
1 0.24162212098218017 0.8113596999267739 0.04081347933287656 0.0647490159694643
1 0.2933497406670049 0.7475891221776781 0.043164115651801095 0.06731637596155633
1 0.33773611525827474 0.754294173503676 0.04478771546320872 0.06579222063095026
1 0.38848571033961216 0.7703425993988516 0.04230034703680096 0.07374373492654937
0 0.2761783057855959 0.6303725054772009 0.050314408675246836 0.07745352087289828
0 0.3717378297378229 0.6356912208792042 0.053359286812797425 0.08330070787600047
0 0.4094908217226491 0.7023034163462192 0.04908989848244856 0.07495230840931952
0 0.36894551596413416 0.816027280115799 0.04316411565180096 0.06731637596155651
0 0.30874748567235294 0.9017540939421019 0.035286786120838444 0.0530877157275161
0 0.3492279901870322 0.9147617870734316 0.03773580650643513 0.05809014065467361
0 0.37427900585273355 0.9412271037887359 0.035417964876401316 0.05633446897426971
0 0.41947995702566726 0.955577046547259 0.033504766216897214 0.03678780196523641
0 0.4606927886884683 0.9365561251311572 0.03657688569141829 0.05721230481447185
1 0.4697123789786873 0.8801527464535819 0.03651129631363672 0.055588928191095226
0 0.45245089005848627 0.7860196359898362 0.04190681077011197 0.06400347518628963
0 0.5014926473528596 0.8790957670847593 0.038331664258389034 0.05893490273061865
0 0.4934680044332037 0.9386797514805743 0.03531958080972916 0.053899404039204776
0 0.5360012163908305 0.9495424656577842 0.02543066855258988 0.017689011861066674
0 0.553354747891838 0.9023667033744879 0.03227470267217857 0.04805221703610222
0 0.5904429906483383 0.8811587702552471 0.030820629657144764 0.03986918639070565
0 0.5731434163986415 0.8157744473279229 0.039922469380905816 0.05659905908832427
0 0.4600784319015473 0.6041849172895258 0.05756308576536499 0.0900257307193048
0 0.6117636286598661 0.5689578152209547 0.04687044091908702 0.07563170166398055
0 0.6245203503642475 0.6216527890395772 0.044552599289053335 0.07387602998357665
0 0.5704176296994877 0.7094508563941202 0.044388625844599496 0.0698175884251351
0 0.506957728271145 0.6326071104455672 0.05610901275033131 0.08184270007390784
0 0.5296083901619553 0.5794518661021412 0.05104144518276374 0.08154503619559657
0 0.586846568425688 0.5461285590261192 0.055245244135331176 0.08827005903890088
0 0.7314003834696513 0.48581284472109015 0.05037999805302827 0.07907689749627471
0 0.6620016039648065 0.5072991426617218 0.06014328490652479 0.09827490889321519
0 0.7036879700745091 0.5947341072364498 0.0457443147929609 0.07556555413546691
1 0.7316315225597781 0.7303473870943374 0.03905870076590594 0.06302641805331713
1 0.767659491279249 0.7492849516394113 0.036079412006136784 0.05880260767359138
0 0.6340586900506753 0.9069384969059203 0.03108854052019112 0.03259706534976757
0 0.6228188540631491 0.8375543020513021 0.03717274344337194 0.058057066890416516
0 0.6624302993222233 0.8720717354423718 0.03713994875448122 0.057245378578728204
0 0.7311865430064233 0.8178278190532624 0.03949058507340588 0.05981273857082079
0 0.7062197653162784 0.7128106418076046 0.04015203220314135 0.062280877270142455
0 0.7694448132817808 0.8232733051627088 0.03230749736106929 0.04886390534779072
0 0.7976552257848353 0.7993477990248242 0.03826607488060735 0.05731152610724203
0 0.8095231887905755 0.7836700899734539 0.03651129631363672 0.05558892819109486
0 0.8335926150428837 0.7579634162882747 0.037670217128653566 0.05646676403129699
0 0.9362888113500714 0.7604336447020026 0.03723833282115362 0.05968044351379351
0 0.9083596676672332 0.7426398871985813 0.03442857085775842 0.045749447158064935
1 0.8372194675525877 0.716857398373116 0.033996686550258476 0.048963126640561086
1 0.9563812247960872 0.7288873619110872 0.025452356537640126 0.04603195524164376
0 0.9679371128347349 0.6375152383024008 0.0102113057941266 0.05809290282946579
0 0.932636443334096 0.656188885193806 0.03955617445118731 0.061436115194197415
0 0.867777214275976 0.6000762649575617 0.04498448359655328 0.07066235050108013
0 0.9563393119453706 0.5839424286435762 0.037932574639779816 0.06296027052480349
0 0.9629504811441334 0.46897277436478113 0.03435187477613677 0.07165732560357709
0 0.9456981103857582 0.520596285480235 0.04372717871486403 0.06734944972581323
0 0.9026182327095139 0.5093608009114377 0.053692787053625214 0.07765196345843901
0 0.963662846137904 0.30535900992843884 0.03881803123983019 0.08487585494038791
0 0.8072304868069904 0.4372266317343045 0.056704870502285086 0.08268746214985308
0 0.7559397793589555 0.4345710629819859 0.057131201457865176 0.09323941020180113
0 0.7798997148407509 0.38376819916298266 0.058918774713726516 0.09577369642963661
0 0.3848106034933256 0.527629876234522 0.06627138922243705 0.09701534367666367
0 0.458790583584297 0.5317868666253481 0.0586564172026004 0.08928018993612993
0 0.5310591610783983 0.4809805681711669 0.06759428348190774 0.10195162107530718
0 0.47533178975697005 0.40044357315839346 0.06232994778099561 0.09678382732686584
0 0.9647978277145408 0.409346757219947 0.03564197434671648 0.07578191469053228
0 0.6377835507672287 0.3698475067127881 0.07060636693056761 0.10698711976672115
0 0.4907774132390781 0.34487737865939705 0.07229555611975667 0.10708634105949161
0 0.04110465444886453 0.3872139227891657 0.08220930889772907 0.11684175659448372
0 0.7757090111340383 0.29979911056486547 0.06574112084826471 0.09779395822409508
0 0.7424855137373575 0.29486764888879596 0.0712022246825214 0.10783188184266629
0 0.9253068667813122 0.003375013541465174 0.04015203220314135 0.006750027082930348
0 0.6595850024082777 0.0384953164198998 0.08060476995821951 0.0769906328397996
0 0.6152730726453002 0.11366543880492934 0.0767289178945595 0.11949318208461407
0 0.5394010564572443 0.03435624399859813 0.08223392312154737 0.06871248799719626
0 0.4488059507879381 0.12546795692204243 0.05597228064284808 0.09236157436159917
0 0.3837961062425343 0.0297723930774183 0.07923294637672784 0.0595447861548366
0 0.20295474164393404 0.07917686358267965 0.06705343382652543 0.04685603717327242
0 0.3788070737357953 0.3425470232000625 0.06667047884104628 0.09298997588247884
0 0.28516153657701826 0.44278982106655884 0.061007053521524864 0.09184754992822233
0 0.2546246897047346 0.40611983082400316 0.07107104592695826 0.10458512859591304
0 0.3749470935939503 0.25734386525228437 0.0570984067689742 0.09242772189011281
0 0.4028295592080971 0.2415352422312828 0.06441267323687379 0.10662330835989604
0 0.30660832541481947 0.1969819387694238 0.07884999139124876 0.11637872389488815