0 0.25845405273789424 0.8038662572710898 0.03513081428915959 0.04090750402192255
1 0.5862282753810227 0.02893424119070994 0.04354344923795452 0.03888863724164489
0 0.4097889844367453 0.030662116660556953 0.040363787759039496 0.04675502602097948
0 0.3081416101927615 0.13782118553682712 0.03163081428915961 0.04084882075514773
0 0.33968752511896866 0.10626785789625051 0.036159935972894575 0.04164473176467353
1 0.3187408371099335 0.09221861416485955 0.03510169260542455 0.04018704292682181
1 0.3432995470526993 0.16544626758042127 0.03621817934036448 0.04308565395487526
1 0.3271008599307074 0.21960634719343686 0.035305544391569584 0.045230270592527905
1 0.3038900776551006 0.2801374017907229 0.040601692605424546 0.04027925948889673
0 0.4190325205225793 0.1609484607171877 0.041509396177714396 0.05037409814413379
0 0.39000656439004056 0.2786974891082175 0.04512588291265433 0.053314625791312235
0 0.3392131151520861 0.3160561697518019 0.04045115281024437 0.04891640930628207
0 0.2813631883719703 0.24947982791479956 0.03621817934036448 0.043085653954875215
0 0.24560779042016936 0.1623664055824342 0.028426962503014578 0.035755293146491764
0 0.2268920767680574 0.21071668815360542 0.031014327554219564 0.037958593050919316
0 0.20403545278612767 0.23772953518105125 0.030397840819279622 0.035068365346690826
0 0.15394362293371341 0.30105415688165427 0.026397840819279622 0.03500129875609097
0 0.17839500903160582 0.29028940945119036 0.028368719135544607 0.03431437095628999
0 0.18341720022587896 0.34552624142186883 0.030956084186749534 0.03651767086071759
1 0.21516003644876916 0.3648031459431156 0.029956084186749592 0.036500904213067606
0 0.27700949665358904 0.35718876163237884 0.03418905765662953 0.04233165956447446
0 0.20729378300147713 0.40468394517340117 0.031543449237954574 0.038687437469845216
0 0.17327182509485192 0.3860897767900428 0.02892696250301458 0.03576367647031675
0 0.1472041855496675 0.4368401149986048 0.022752232400604668 0.031340310013811816
0 0.17906843988400284 0.46549139707998777 0.025810475768074638 0.032831532146963424
0 0.1818381653900234 0.514562393123184 0.02031047576807464 0.032739315584888545
0 0.22609779485538575 0.5026878647936053 0.030130814289159504 0.040823670783672876
0 0.38514077751804443 0.39288638101979206 0.048771491331329346 0.056975614533591463
0 0.3653216054351992 0.5861289852825745 0.04133466607530454 0.046051331573528684
0 0.32997214523037927 0.5941876857560355 0.040218179340364486 0.04315272054547516
0 0.2914109695993609 0.5145971883031044 0.03774730102409944 0.043831265021451016
0 0.35519209039605254 0.4468159192276205 0.0433006130150643 0.057603859066617455
0 0.38126512789303796 0.4825795956979372 0.04400939617771439 0.05041601476325871
0 0.3859573511008639 0.5583579522028153 0.04768412628012447 0.05479746460063881
0 0.38335659164603103 0.7464821312623908 0.04250939617771451 0.05039086479178394
0 0.38921768042917 0.657182680427096 0.05335885638253433 0.05921244773331887
0 0.32483686614001045 0.6964763946127084 0.04127642270783451 0.04461040938332695
1 0.23516706741410565 0.7115547681591803 0.034043449237954576 0.03872935408897022
1 0.21396344891560864 0.7533747925934062 0.03189784081927962 0.035093515318166006
0 0.14653508668670645 0.564797409293433 0.03189784081927962 0.03509351531816576
0 0.19947437763098388 0.5609988528388138 0.0314852058704846 0.03724651527964349
0 0.16791883323941442 0.6051686329674806 0.030985205870484606 0.03723813195581845
0 0.182176696879468 0.6980496833456413 0.03207257092168959 0.03941628188877095
0 0.2526110564472403 0.6822883212843569 0.033601692605424546 0.04016189295534675
0 0.1345115962424204 0.6889595816647824 0.01892696250301458 0.03559600999381707
0 0.16851922659482602 0.7450428769648607 0.02631047576807464 0.032839915470788295
0 0.1754757773568715 0.7833698315102313 0.030543449237954517 0.03867067082219515
0 0.18154141778909916 0.8004138421167389 0.029956084186749592 0.03650090421306769
0 0.1265031332152977 0.8870863828175202 0.01986871913554461 0.034171854451265075
0 0.19070182033728958 0.8337311022917037 0.030014327554219563 0.037941826403269416
0 0.16129728231619603 0.9608461249190445 0.03245608418674959 0.03654282083219269
0 0.17985775808427065 0.9287146003114678 0.023956084186749535 0.036400304327167614
1 0.21479411676499968 0.8442283404905401 0.02589784081927962 0.034992915432266014
1 0.17433873244119388 0.9890895539102951 0.024519258930724732 0.021820892179409832
0 0.22566870042764112 0.9712977595906919 0.03307257092168959 0.03943304853642102
0 0.2771245513267428 0.8989841408489779 0.03827642270783451 0.044560109440377076
0 0.2630766372875789 0.9962820946294145 0.03299506862349492 0.0074358107411709624
0 0.3047368065481214 0.9926590832212717 0.035315407144579695 0.014681833557456518
0 0.3226321816791484 0.9552602525970312 0.041184126280124474 0.05468848139091386
0 0.3922795559231322 0.8475646509959616 0.0438006130150643 0.05761224239044232
0 0.40784226409181146 0.7843820410465352 0.05074236964759439 0.05628868673379041
0 0.43210705822132683 0.8215572980736662 0.0523006130150643 0.05775475889546707
0 0.451754331989436 0.3107336149995033 0.05170831658735415 0.06782444757922927
0 0.429305878155092 0.40191779943387607 0.04785885638253433 0.05912023117124399
0 0.4406535725346032 0.49871527755405404 0.054708316587354144 0.06787474752217931
0 0.5045124289171375 0.44138907768135766 0.05247534311747427 0.062077525466072425
0 0.47893362736892986 0.6471517262082427 0.0573248033222942 0.07079850852170777
0 0.5339349266189428 0.46855752095341396 0.05694129005723426 0.07367196957828603
0 0.48412408475144697 0.8281970441741844 0.052150073219884234 0.06639190871285258
0 0.4960194598824739 0.7876628504393979 0.05785392500602916 0.0715273529406335
0 0.7400369529878899 0.8717795856270509 0.07711108878313894 0.09056952439478043
0 0.6886404114186232 0.7260070149338159 0.0682033852108491 0.08034055255834358
0 0.640171532215315 0.656343689659622 0.06455777679217409 0.0766795638160645
0 0.7251394782680316 0.5781034120963621 0.06537811531325906 0.08461301918599888
0 0.6781022596565949 0.448264818733596 0.05065500459638952 0.05412730344848781
0 0.7763251370858167 0.38250292119223805 0.07019845383434403 0.09261354114653338
0 0.7957168800903517 0.15032188449870906 0.06376162857831923 0.0817060248341205
0 0.565555411579796 0.3299444624378465 0.04876655995482406 0.06921506982648112
0 0.5303118754939621 0.19922218554231635 0.049446221433739314 0.061306764428021604
0 0.5606369121039042 0.1669274384970764 0.05588304668976434 0.0722142807404344
0 0.6182933164261812 0.3373172446192031 0.05024236964759439 0.05628030340996554
0 0.6202935497138292 0.3744796742836726 0.05850446480120922 0.06289858644707316
0 0.6733947757439579 0.26146000366875993 0.062203385210849095 0.08023995267244383