0 0.26492374743027336 0.8111814999428654 0.03480412095933696 0.041750360873184636
1 0.5863828713317423 0.04370310601730381 0.04323425733651538 0.039945353293973584
0 0.4099815001489621 0.04099654805327149 0.03999042395352797 0.04772368240228078
0 0.3092150311336071 0.1457088160702806 0.031304120959336955 0.04160361793538254
0 0.3405013415387946 0.11491657558644072 0.03582740883361089 0.042512748521943505
1 0.31944381114999815 0.10032639387588149 0.03478083308506302 0.04102989977808398
1 0.34459173584833686 0.17424594470665844 0.03587398458215853 0.04395367071214523
1 0.3288335013406593 0.22805378563556444 0.03494384820498021 0.04607312744378999
1 0.30611567596451694 0.28806277218318804 0.04028083308506314 0.041260495823201876
0 0.42027803884252785 0.17164771074701568 0.0411068633248974 0.051367914431442896
0 0.39220882746161245 0.28878661141735573 0.044700014821992796 0.05439650174964862
0 0.3417245701250971 0.32490616669005473 0.04006028757634954 0.04988506568758333
0 0.28334376668401967 0.25680765053957894 0.03587398458215853 0.04395367071214523
0 0.24688831159688457 0.16870670189640635 0.02814110583941982 0.0364346106087031
0 0.22856638008339805 0.2166355560419465 0.03071096946224145 0.03870081027815016
0 0.20593144086099086 0.2431011751137221 0.030117817965145947 0.035798002620917785
0 0.15635882005061602 0.30523070127895335 0.026117817965145947 0.0356302964062866
0 0.1807197821018611 0.29506979159267727 0.028094530090872125 0.034993688418501326
0 0.18618825971990968 0.3504890328819125 0.0306643937136937 0.03725988808794843
1 0.21808277498878895 0.3705836343484136 0.0296643937136937 0.03721796153429059
0 0.27986222948007544 0.36451658425715816 0.03385069670788471 0.0431493565097287
0 0.21054029796658894 0.4103071841661503 0.031234257336515383 0.03944223465007994
0 0.17637249482343578 0.39083870904902 0.028641105839419822 0.036455573885531896
0 0.15071905574999067 0.4409852095133941 0.02250137859377662 0.03188124799298001
0 0.1828108286533096 0.4704667684930353 0.025547954342324375 0.03344794984415525
0 0.18597725320268615 0.5196572740897687 0.020047954342324373 0.03321735379903715
0 0.23013479100247894 0.5088834916480325 0.029804120959336957 0.041540728104895785
0 0.38826769938920336 0.4029692133524283 0.04831645419336223 0.058145550162955376
0 0.37001490514666807 0.5959098987431168 0.040967136079254035 0.04704514786083771
0 0.3347354506553816 0.603088002506304 0.03987398458215853 0.044121376926776416
0 0.2955354728883708 0.522447078977546 0.037397272456432464 0.04473702163773269
0 0.35875946488152577 0.45620056416853955 0.04283974206763605 0.0586354152129383
0 0.385118359042106 0.4926561380540715 0.0436068633248974 0.05147273081558749
0 0.3904231322433492 0.5686294838305103 0.04724659057054055 0.055942240323994946
0 0.389344997057868 0.7568794624201249 0.0421068633248974 0.051409840985100735
0 0.3944826934678284 0.6676366213733478 0.0528863178161838 0.06049560293971807
0 0.33042857250849145 0.705351551456969 0.040920560330706394 0.04560422567063598
1 0.2408929514001923 0.7181906933687443 0.033734257336515326 0.03954705103422453
1 0.22003061075517064 0.7595200996358178 0.03161781796514595 0.03586089245140454
0 0.15108545806637802 0.5690557233852577 0.03161781796514595 0.03586089245140454
0 0.20398682924915817 0.5665843519725512 0.031187681587967576 0.038001312459878214
0 0.17279298104417795 0.6100056248974851 0.030687681587967575 0.037980349183049295
0 0.18780048919998513 0.7033395535837867 0.031757545210789204 0.040183659022009724
0 0.25809775424542114 0.6893330949665483 0.03328083308506305 0.040967009947597346
0 0.14006829975413468 0.6930417764145521 0.01864110583941988 0.036036308348953855
0 0.1745251334350463 0.7500371183074142 0.026047954342324375 0.03346891312098417
0 0.18179087609853098 0.7885779320538512 0.030234257336515385 0.03940030809642211
0 0.18799361105309495 0.8057917720259118 0.0296643937136937 0.03721796153429059
0 0.1336641343288192 0.8911685775672901 0.01959453009087207 0.03463731271240996
0 0.19742236883649672 0.8393732112139585 0.02971096946224145 0.038658883724492325
0 0.16905041509002097 0.9658781061206098 0.0321643937136937 0.037322777918435183
0 0.18734836943234529 0.934180589891668 0.023664393713693697 0.0369664022123439
1 0.22159633859666247 0.8504868671099868 0.025617817965145947 0.03560933312945785
1 0.18233396830765516 0.9916369943935875 0.024315075599585612 0.01672601121282485
0 0.2334976727244606 0.9779588447062638 0.032757545210789205 0.04022558557566756
0 0.2843613919632588 0.9068654814059296 0.03792056033070639 0.04547844600966247
0 0.2711243774391903 0.9998925411415375 0.03289589386265584 0.00021491771692502465
0 0.31275246074769664 0.9967790178300533 0.03515206047966853 0.006441964339893453
0 0.3303182256441705 0.9643429786658564 0.040746590570540545 0.05566971772521917
0 0.39908469465952556 0.8582890609317974 0.04333974206763605 0.058656378489767215
0 0.4141340275956265 0.7954335297604729 0.0502931663190883 0.05750894217517002
0 0.43869634600765894 0.8332566543673054 0.05183974206763605 0.059012754195858504
0 0.4542074488678358 0.3224078113871346 0.05116577230747032 0.06905728297361277
0 0.43249988883505375 0.4131202475838605 0.047386317816183916 0.06026500689460013
0 0.44462931368235464 0.5103014142706578 0.05416577230747032 0.06918306263458628
0 0.5080156314985385 0.4545225486174428 0.05197946931327931 0.06333552076646369
0 0.4841052994562104 0.6598511887656929 0.056758923804565826 0.07216972339913416
0 0.5376539801504051 0.4824583690227378 0.05635207530166122 0.07503060450270871
0 0.49076004301346793 0.8412110055567324 0.05161919655892257 0.06763732406023996
0 0.5023258079099417 0.8009347008585261 0.057282211678839755 0.07291114777106379
0 0.7469908538655418 0.8912722228066141 0.07638769640996043 0.09241877748635559
0 0.6944217165945904 0.7440592474944311 0.06756166617012604 0.0819759464488522
0 0.6453957085877455 0.6731064770373361 0.06394522679875672 0.07822689803554578
0 0.7297190186950085 0.5969230217902161 0.06470139341576941 0.08617293335848421
0 0.6816375481900321 0.46576982333854094 0.05022330269626673 0.05534755888986743
0 0.7793149644346393 0.40241069682093045 0.06945756003278211 0.09428667489605382
0 0.7968253038879639 0.17048125918747967 0.06310824191867391 0.083228199147594
0 0.5681485398852628 0.34449946806337384 0.048212348056018074 0.07037242550284116
0 0.5318520011916972 0.21275821497452677 0.04895618143900543 0.0624892800103894
0 0.5619115994711584 0.18119310520351373 0.05530549955311358 0.07354775575884923
0 0.620938949016798 0.35320572526314525 0.049793166319088415 0.0574879788983411
0 0.6232396234916935 0.3904562145986421 0.058002757187553246 0.06430754118351141
0 0.6754191076269656 0.27865679942510896 0.061561666170126046 0.08172438712690551