0 0.7050955648061381 0.18662462848792882 0.02858474467509541 0.048740359505957266
1 0.1034381609117631 0.5604713618228148 0.03624184025944925 0.06183440907514776
1 0.15517450182115358 0.6226314586425165 0.034233112726985156 0.06108041468474676
0 0.013338102598446819 0.47018444541463994 0.026676205196893638 0.06247942025582365
0 0.12311201402818572 0.46325916155022384 0.04825056779191337 0.06275606994204828
0 0.06674292701514736 0.4533995607159346 0.03518074753220048 0.05677441476179164
0 0.08775139506571908 0.16348078415151246 0.032041107012774746 0.045196737297227896
0 0.08440665753338679 0.19198929735094655 0.02806728961016708 0.047291053991930586
0 0.16500095701475193 0.36855574774782446 0.032672019999736394 0.05601203704756577
0 0.1278687787030174 0.3594540805889244 0.03518074753220048 0.05677441476179164
0 0.24219846207902107 0.2271601828531329 0.02852365194784653 0.0436971318402513
0 0.2194204463649425 0.27112113701694723 0.02910219974002348 0.05018966501998403
1 0.13707007974160523 0.28078549637981787 0.03264583740234406 0.05385065376226334
1 0.21029573026089918 0.24030059308028487 0.028084744675095294 0.04873197618213232
1 0.26031571597537323 0.27907923760450853 0.030102199740023507 0.05020643166763401
1 0.2983100868843682 0.2582733859928977 0.0315847446750953 0.048790659448907224
1 0.3409222794816288 0.22766585968300024 0.028180747532200484 0.05665704822824183
0 0.25499785857329277 0.38793592955533895 0.03518947506466458 0.05749487585689251
0 0.33742114389780203 0.3516187013356489 0.03725056779191334 0.06257163681789853
0 0.36478080584551675 0.28020896730548933 0.03417201999973645 0.056037187019040875
0 0.32033683727367396 0.19379605726635868 0.03010219974002348 0.05020643166763401
0 0.2610219485721065 0.13824586015993948 0.024971286753061917 0.03931568200287116
0 0.2950643209096541 0.11354453911587377 0.02651492441538244 0.04294313744985042
0 0.31444396857184287 0.08188591517363658 0.024506196882918288 0.042189143059449624
0 0.3597730841559332 0.01545436123397589 0.024436376623205434 0.03090872246795178
0 0.3516041625976559 0.047408069402759254 0.023971286753061916 0.03929891535522117
0 0.38972761337692635 0.05721343100911014 0.025514924415382438 0.04292637080220046
1 0.40216032376675936 0.10382543577121663 0.02549746935045414 0.04148544861199871
0 0.39508683727367394 0.19254275035452284 0.029567289610167108 0.04731620396340552
0 0.4300194179225607 0.09435439761016894 0.027023651947846474 0.04367198186877628
0 0.4181259814288162 0.04449193459628357 0.024980014285526066 0.04003614309797201
0 0.45404490298709343 0.012492370523386854 0.021875283895956728 0.024984741046773708
0 0.4729688858444623 0.05653806868735034 0.0229276490907414 0.03567984323206686
0 0.5068859742860533 0.06281238307070931 0.022831646233636094 0.027754771185957358
0 0.49737231519544367 0.12599943705897226 0.02849746935045414 0.04153574855494862
0 0.41667550766403405 0.3499297139618377 0.03981166051916216 0.06765678110272959
0 0.5511349684431728 0.3303877252324074 0.03218947506466475 0.057444575913942635
0 0.5577458957156602 0.27985484868944704 0.030172019999736222 0.055970120428440934
0 0.5037246446764134 0.2206143212073611 0.030628382337415813 0.05237619827676164
0 0.45490988571579216 0.309311182234953 0.040215657662056856 0.05974009238044494
0 0.4789298714302661 0.34852575959807613 0.03523311272698516 0.061097181332396826
0 0.5312945946770725 0.35881265757051567 0.038294205454233864 0.06619070894105292
0 0.6617073193524313 0.36382922100320225 0.03520693012959282 0.058935798047094236
0 0.599668045456343 0.36811082808545476 0.04139020831133894 0.0741660809301123
0 0.6287633507805885 0.27722349451609685 0.03118947506466452 0.057427809266292644
1 0.6418168515591999 0.14878860314016823 0.02706728961016711 0.0472742873442806
1 0.6714072253253002 0.12020019598747267 0.02453237948031074 0.04435052634475222
0 0.5427163551949166 0.0182429795446081 0.02453237948031074 0.0364859590892162
0 0.538545600519953 0.09037383305484374 0.026023651947846702 0.043655215221126316
0 0.5700648887015675 0.046986631819192985 0.02601492441538244 0.04293475412602545
0 0.6340006975328595 0.07184597413131304 0.02753237948031074 0.04440082628770214
0 0.6210332067541164 0.17254730500777085 0.028058562077702846 0.04657059289682972
0 0.629088540649414 0.007795788911797379 0.02480546363624376 0.015591577823594757
0 0.6669557945457661 0.05436603068590593 0.022936376623205433 0.03640030432716773
0 0.6933074264938761 0.06616955313989621 0.027006196882918176 0.04223105967857455
0 0.7049396048056108 0.07569876981387065 0.02549746935045414 0.04148544861199873
0 0.766588540649414 0.006999120771499337 0.023822918701172056 0.013998241542998674
0 0.7277563266238645 0.0904428199150393 0.02649746935045414 0.041502215259648714
0 0.8660374407794023 0.023656137851639968 0.023488741817990103 0.0407314542215979
0 0.8166796119483738 0.05401660848562433 0.025541107012774775 0.04508775408750305
0 0.793878512078362 0.07924976583872867 0.0253927389608848 0.03283991547078835
1 0.7343286775331233 0.12562804704143182 0.024427649090741396 0.03570499320354185
1 0.8394308772731467 0.07416411680004949 0.022410194025813325 0.03423053771804015
1 0.9571989001299882 0.014403669609687253 0.02348001428552607 0.028807339219374506
0 0.9261870741560649 0.03093124992438874 0.026980014285526068 0.040069676393271955
0 0.8929514307795341 0.05093699886456135 0.02904983454523881 0.04586689844937884
0 0.8672906689618076 0.1471691073804008 0.02803237948031074 0.044409209611527126
0 0.8220493964942717 0.14720733709146144 0.027549834545238808 0.045841748477903864
0 0.7704528258452531 0.21794297068448165 0.031137109869880077 0.05310504269568738
0 0.8501273764945353 0.20220080029429116 0.029067289610167107 0.04730782063958057
0 0.9221161183125254 0.16065616366166932 0.02811965480495178 0.05161382056253577
0 0.9788305106498094 0.08011047204653751 0.030645837402344115 0.05381712046696331
0 0.9483748458449895 0.15949557806575654 0.03158474467509541 0.048790659448907224
0 0.9010164492220476 0.2517695945973778 0.022945104155669468 0.03712076542226864
0 0.8704491596118805 0.2991025652084333 0.03513710986988008 0.053172109286287315
0 0.8446529913000143 0.2620787127640003 0.03060219974002348 0.05021481499145905
0 0.8081193464949307 0.28610148933209006 0.038180747532200486 0.0568247147047416
0 0.982893825716583 0.46685137194876447 0.021302932986698123 0.06662613702610412
0 0.9169360683131845 0.2994036077353607 0.03619820259712878 0.058232103599643356
0 0.9058507558461758 0.4097976301003803 0.036785477921769824 0.06544509787447696
0 0.8879274705216664 0.4450334095466467 0.042829115584090235 0.06914800323588119
0 0.7314804035083646 0.3813875441403263 0.040224385194520894 0.06046055347554581
0 0.6872534876642977 0.4008572651095478 0.03934657064901853 0.070530242159308
0 0.7123040197423961 0.43753346199216786 0.04037275324641087 0.07270839209226067
0 0.3578214748073243 0.4420363163938833 0.04735529818148257 0.07138483643560875
0 0.4216487572747284 0.4139543432018272 0.04129420545423386 0.06624100888400279
0 0.48838256753457315 0.43480504120985514 0.047407663376267235 0.07570760300621394
0 0.44680908104148775 0.5241008051370856 0.043372753246410864 0.07275869203521054
0 0.8768076859757686 0.35193908916479705 0.03519820259712878 0.05821533695199337
0 0.5901101809114995 0.49684726674215896 0.04945130103858787 0.07934344177701808
0 0.4647767015611771 0.5677387489567137 0.051442573506123836 0.07865651397721735
0 0.06948939052272102 0.6806128196581825 0.06350366623337252 0.08390094141472305
0 0.8905014759785368 0.934083976615109 0.06212585168787018 0.09396224677466006
0 0.7153919925998967 0.5127545798396083 0.04636402571394683 0.07208853088305955
0 0.6869630781843825 0.5279976900852879 0.04996002857105191 0.08007228619594398
0 0.9336419925998968 0.5090952589900006 0.0428989358438032 0.07491169199668811
0 0.9335061480547897 0.5822094851570008 0.058634579220334215 0.09462402460298618
0 0.9306353576660112 0.7572941062522484 0.04706475896062125 0.08866751939420456
0 0.8934651707829612 0.7719634635697644 0.057213127012510995 0.10108302448741903
0 0.7381473133808808 0.8833351526680916 0.06328294727222396 0.10694731313412568
0 0.6386466158480212 0.8025274053678655 0.05613457922033422 0.09458210798386117
0 0.5917911879255924 0.7294807505453133 0.05357348649308551 0.08949696369903012
0 0.5351142363677105 0.8482024968769658 0.05908221402554955 0.09030964135620587
0 0.4465262635102099 0.7744149274035986 0.03784657064901853 0.07050509218783307
0 0.39810930480956513 0.9128068373455002 0.06466076181772644 0.09688600777418885
0 0.23668475416028295 0.9299196811810764 0.057056031428157156 0.08811472477560346
0 0.3678228698730434 0.6068207074001815 0.04830293298669801 0.06707883651265348
0 0.2782798000026362 0.5499765486474221 0.0428203880516262 0.06842754214078033
0 0.2550236031197179 0.5921447333973091 0.050425118441195536 0.07719882513936555
0 0.37139775143184783 0.6831141335664482 0.03933784311655449 0.06980978106420714
0 0.39708665870459914 0.6877256200551674 0.043977483635980204 0.08141260850024579
0 0.3172400880555806 0.7589349114442995 0.056029848830764874 0.0859365748426508