0 0.706354963610344 0.7582519563249848 0.04097686865008418 0.053879917444973925
0 0.6594826198408142 0.022494531971102627 0.037019043746796716 0.044989063942205254
0 0.6243916455410733 0.008554893937618376 0.04211937823805633 0.017109787875236752
1 0.619653439829476 0.05744164517914728 0.042152145161748124 0.05643799450488352
1 0.6370385281957981 0.11466519187245648 0.04107516942116007 0.05875004731510375
1 0.6624487715508438 0.17789625130999226 0.047154178881931845 0.05374479581993141
0 0.534308427120807 0.06878903441535411 0.04850967347390205 0.06523144430841248
0 0.5654708570092288 0.19496880054014296 0.05253303222457362 0.06972042830381052
0 0.6221496501967447 0.2260328445107256 0.04678771736102082 0.0634235494977688
0 0.6882423336402206 0.13863325750622363 0.042152145161748124 0.056437994504883474
0 0.7294313409847779 0.03249170305098719 0.0329629180724331 0.046525326077554476
0 0.750044343892715 0.08288345990746697 0.035827383773286745 0.049267921324731186
0 0.7753718236290056 0.10846327194512977 0.03519878686283933 0.04595966201555558
0 0.8238430773768677 0.17039011529088166 0.01658493885806646 0.04230658533224139
0 0.8035042605790641 0.16208313851734937 0.03293015114874105 0.04490194945417786
0 0.7971669747184307 0.22554253723499468 0.035794616849594445 0.04764454470135456
1 0.7609127746276229 0.2542046657053074 0.034668490723468316 0.04752153257650986
0 0.6914318284557956 0.2589597553235585 0.03986712598580382 0.054568593631817534
0 0.7693104164975557 0.2974268286623517 0.03696989336125864 0.05020262176126421
0 0.8078086771096928 0.2689245200981937 0.03352598113549642 0.04658683213997684
0 0.8297719955588266 0.32200342088952666 0.013108259708611935 0.0370674190875774
0 0.800359482214155 0.3596369833198198 0.030065685447887923 0.042159354207001155
0 0.7964218997623879 0.4155451629825809 0.02387199175419423 0.04148278752035536
0 0.7467792284925359 0.41165403392254324 0.03532985455760752 0.05245316850906208
0 0.5693574952627843 0.3225082340690392 0.05655639097524518 0.07420941229920845
0 0.5889214828610024 0.5362091614810245 0.047848309639762845 0.060299808375860166
0 0.6287842761055579 0.5375240492308557 0.04665664966625288 0.056930043004262215
0 0.6731796354791105 0.43953618567381236 0.04385771781278333 0.05743420100383875
0 0.6022513930561099 0.3768228315782013 0.05037908074339751 0.07434453392425087
0 0.5723853218305235 0.42300987431243287 0.051341372251063395 0.06635066293221246
0 0.5661523621012648 0.5091350396949286 0.05538111446358098 0.07165133523929881
0 0.5666623145954919 0.7204628875149879 0.04963579960002818 0.0653544564332571
0 0.5610761290511999 0.6214555570200273 0.061689492390196714 0.07800972010776289
0 0.6329412414795726 0.6516706256168947 0.0478155427160708 0.05867643175248354
1 0.7338390349500091 0.6491530146848101 0.03978520867657421 0.05051015207337579
1 0.7571414645292673 0.6915569552993505 0.03688797605202852 0.04614418020282265
0 0.8288346518018805 0.4658628249957237 0.023341695614823216 0.04304465808130972
0 0.7759067238739524 0.47164439486342463 0.03637406337450353 0.04851773907546523
0 0.8109925191229198 0.5147859289463164 0.035811000311440466 0.04845623301304269
0 0.7936517746493127 0.6223719173070444 0.03754933988616773 0.05107581613537469
0 0.714481059492342 0.6200864799008037 0.03925491253720294 0.052072022634330056
0 0.8403911879343205 0.6030931217026552 0.008138992912120512 0.04138399439590618
0 0.8083771905878567 0.6721919553514265 0.030628748510950987 0.0422208602694237
0 0.7998911322968209 0.716853456025297 0.035843767235132516 0.0500796096364195
0 0.7930145122563682 0.7374471393795177 0.03466849072346857 0.04752153257650986
0 0.8463105943242571 0.8247637011062832 0.008669289051491526 0.03982212383495191
0 0.7821011626835476 0.7771094433083148 0.034701257647160366 0.04914490919988648
0 0.7928450248355601 0.8710989335271886 0.0269063174338061 0.02480636934943466
1 0.7547874250742153 0.794266279759133 0.030114835833425994 0.04459441914206609
0 0.6838893094527081 0.8692324083384232 0.044437164337692674 0.05830739537794942
0 0.5550535142037407 0.8363316336488529 0.050942143806460574 0.07440603998667324
0 0.5384444739044798 0.7684946328411731 0.05880864322749743 0.07445543654889787
0 0.5105245482068451 0.8156839368244589 0.06053059934037867 0.07626333135954155
0 0.4956518834989341 0.24430524123882894 0.06019690474315969 0.08756546166075556
0 0.5195130434000066 0.3425311571725956 0.055479415234657 0.07652146510942869
0 0.5054687599955477 0.45380655071723125 0.06357528312153807 0.08793449803528969
0 0.4342947656448569 0.40326852129694474 0.06119196317451775 0.08119496729209377
0 0.46034518287937265 0.6296242331027189 0.06701919534730054 0.09155028765657705
0 0.4009653860515128 0.44011509369666185 0.06652166613162144 0.09473553484090795
0 0.45199357752120495 0.834630983116341 0.0607272008825307 0.0860035910998013
0 0.43909962287769044 0.7914950245028315 0.06759864187220962 0.09242348203068772
0 0.18010652357895318 0.9303372435128776 0.05598730255188336 0.10168380277176671
0 0.2233606934256329 0.7636326507432285 0.07908927159931498 0.10501723964277115
0 0.27880432905644853 0.6749666139896863 0.07504952938679751 0.0997165673356848
0 0.18414250799541987 0.6051270078067652 0.0763558735932297 0.10876815088910094
0 0.2389916337005798 0.44849442408988305 0.05875949284195936 0.07202037161383293
0 0.15307668625902393 0.3906577338952174 0.03422444463457606 0.10902532607755448
0 0.3671812297097783 0.2907346498762348 0.05683490982662733 0.08800811359790975
0 0.4085086501705017 0.13598405581333323 0.05778081787244732 0.07920255429418308
0 0.37484171699026425 0.10605086068603163 0.0653627730818034 0.09298914609268662
0 0.30778928096769753 0.31058564357343876 0.05824558016443437 0.07439393048647551
0 0.3049666202309842 0.35300870699970915 0.06798148685496642 0.08355641666453864
0 0.24662971215892107 0.23708642667638793 0.07231613138071219 0.10346747858201451