0 0.7157473169224109 0.15936639349775478 0.03480412095933707 0.042312709507792146
1 0.4447064408238799 0.9566592789133983 0.04323425733651538 0.0406503874030333
0 0.6208050696410998 0.9416281014339642 0.03999042395352808 0.04836996366891913
0 0.7145386006257447 0.8271286290375104 0.03130412095933707 0.042107213727568135
0 0.6853249110309321 0.8609652184414347 0.035827408833610665 0.043091883682957154
1 0.7072673806421358 0.8733916480269751 0.03478083308506302 0.04159224841269128
1 0.6774153053404744 0.8022396871235477 0.03587398458215853 0.04453280587315889
1 0.689657070832797 0.7470228913225365 0.03494384820498021 0.04663547607839733
1 0.7084392454566546 0.6849256323751856 0.04028083308506302 0.041915170353043256
0 0.6021016083346654 0.8124362134291859 0.0411068633248974 0.052030982224487266
0 0.6225323969537501 0.6928568016410923 0.04470001482199268 0.055118322385114736
0 0.6705481396172347 0.6517807444075949 0.04006028757634954 0.05053134695422172
0 0.7331673361761573 0.7137905627179021 0.03587398458215853 0.04453280587315872
0 0.7752118810890222 0.7979414057374942 0.02814110583941988 0.036887846821669984
0 0.7903899495755357 0.7483268377271137 0.030710969462241337 0.03919601280713252
0 0.8112550103531284 0.7196723066218892 0.03011781796514606 0.0362848118866974
0 0.8566823895427537 0.6527623978548726 0.02611781796514606 0.036049959566441324
0 0.8330433515939988 0.6653386587504718 0.028094530090872014 0.03544692463146842
0 0.8240118292120474 0.6106490548057196 0.0306643937136937 0.03775509061693104
1 0.7909063444809266 0.593825241435177 0.0296643937136937 0.037696377536866894
0 0.7296857989722131 0.6060816290003228 0.03385069670788471 0.043694918617929894
0 0.7958638674587265 0.553472693906679 0.031234257336515383 0.039945830442265545
0 0.8311960643155734 0.5694439417519769 0.028641105839419877 0.03691720336170222
0 0.8535426252421282 0.5168820900782797 0.022501378593776735 0.03224215831071315
0 0.8196343981454473 0.49072163901145766 0.025547954342324375 0.03385921974110666
0 0.8133008226948237 0.4420091716749028 0.020047954342324373 0.033536297800754684
0 0.7699583604946165 0.45718593809196767 0.029804120959337068 0.04201914410747225
0 0.6190912688813409 0.5786490397975893 0.04831645419336223 0.05892612364084307
0 0.6248384746388057 0.3845006788022393 0.040967136079254035 0.04770821565388212
0 0.6595590201475193 0.37380018785878916 0.03987398458215875 0.04476765819341481
0 0.7038590423805086 0.4502394066796621 0.037397272456432346 0.04534133658835547
0 0.6450830343736634 0.5226249391456983 0.04283974206763605 0.05932366279559197
0 0.6164419285342435 0.4889369551875156 0.0436068633248974 0.052177764924647464
0 0.6062467017354868 0.4137435665724208 0.04724659057054055 0.056706027275476495
0 0.5951685665500056 0.22599678615141514 0.0421068633248974 0.05208969530455133
0 0.5958062629599661 0.3154660663740663 0.05288631781618369 0.061351715786433655
0 0.657252142000629 0.27143599927440243 0.040920560330706394 0.04626729346368043
1 0.74571652089233 0.24963992996138723 0.03373425733651538 0.04009261314242558
1 0.7638541802473082 0.20634805083673882 0.03161781796514606 0.03637288150679329
0 0.8449090275585156 0.38926445455816416 0.03161781796514606 0.03637288150679329
0 0.7923103987412958 0.39704456664969534 0.031187681587967517 0.03850490825206381
0 0.8206165505363155 0.350629264621538 0.030687681587967516 0.038475551712031826
0 0.7996240586921227 0.2591068493422287 0.031757545210789204 0.04069564807739848
0 0.7304213237375589 0.28013292241156257 0.03328083308506302 0.04150417879259531
0 0.8478918692462724 0.26457392409281705 0.01864110583941965 0.03633007256106226
0 0.8098487029271839 0.21122676892237022 0.026047954342324375 0.03388857628113873
0 0.8001144455906687 0.17354139206256836 0.030234257336515385 0.03988711736220156
0 0.7928171805452325 0.15700686961812998 0.0296643937136937 0.03769637753686698
0 0.8414877038209567 0.06644712294007935 0.019594530090872014 0.03494786345092451
0 0.7812459383286343 0.12448214658416212 0.029710969462241336 0.03913729972706871
0 0.8013739845821586 0.00722916033913539 0.0321643937136937 0.01445832067827078
0 0.7851719389244829 0.028970290470400055 0.023664393713693697 0.03734409905648306
1 0.7564199080888002 0.11583416171431783 0.025617817965146058 0.03602060302640929
0 0.7363212422165982 0.005174799418160378 0.032757545210789205 0.010349598836320755
0 0.6901849614553964 0.06594680379343092 0.03792056033070639 0.04609115422348845
0 0.6406417951363081 0.020718522585625117 0.040746590570540545 0.041437045171250235
0 0.5789082641516632 0.125895502878126 0.04333974206763605 0.05935301933562395
0 0.567957597087764 0.190059349287834 0.050293166319088416 0.05832308870587016
0 0.5410199154997966 0.15482769524933768 0.05183974206763605 0.0598520805161679
0 0.5585310183599733 0.6655758985957867 0.051165772307470436 0.06987982276751607
0 0.5743234583271914 0.572976469266777 0.047386317816183694 0.06102879384608168
0 0.5559528831744922 0.4773300569942371 0.05416577230747043 0.07005596200770801
0 0.496339200990676 0.5392982601213426 0.05197946931327931 0.06417484708677314
0 0.506928868948348 0.3322335862913915 0.056758923804565826 0.07308458908827149
0 0.46497754964254273 0.5144319485445624 0.05635207530166133 0.07593707692864289
0 0.4885836125056055 0.15213176492187436 0.05161919655892257 0.06846825711734629
0 0.47964937740207936 0.19343962586572913 0.057282211678839755 0.07383440672340429
0 0.22981442335767935 0.1279852533553552 0.07638769640996043 0.09365258717721062
0 0.2917452860867281 0.2694366096369655 0.06756166617012616 0.08306707066525461
0 0.3452192780798831 0.3352315988658184 0.06394522679875683 0.07925926940952627
0 0.2660425881871462 0.4196423441696953 0.06470139341576941 0.08721369799566786
0 0.32246111768216973 0.5455371217594065 0.05022330269626673 0.05616170542056757
0 0.229138533926777 0.6185073332974487 0.06945756003278206 0.09540297890206535
0 0.2266488733801015 0.8514431672681174 0.06310824191867391 0.0842437839951685
0 0.44347210937740045 0.6550074799806931 0.048212348056018074 0.07114460571752586
0 0.48817557068383477 0.7826728279038073 0.04895618143900549 0.06327824675148017
0 0.4602351689632961 0.8171564870527525 0.05530549955311358 0.07443744165837701
0 0.3902625185089356 0.6516351233681769 0.049793166319088415 0.058293732165838254
0 0.38556319298383107 0.6147368727507063 0.058002757187553246 0.06524758666225787
0 0.3407426771191032 0.7314173101597464 0.06156166617012616 0.08271479218487056