0 0.6705429836878772 0.20267443926508888 0.03583486733511035 0.06118192511488027
1 0.12426833902050596 0.6951972640825678 0.04518583453120416 0.07782177514484902
1 0.1866364670870672 0.7492381450371602 0.043115847090738776 0.07610815767787199
0 0.020032497891270373 0.6187324151359728 0.0317549319775123 0.07263564256187834
0 0.12797753032152337 0.5918536656831888 0.057587747316996576 0.08363919423242651
0 0.06943901663127497 0.592150901010092 0.04361683308193857 0.07244430013985421
0 0.042694929510899524 0.2913689919991064 0.0389218366388084 0.059288065601060355
0 0.04410499823764784 0.3212718481540624 0.03479687163871087 0.05958106876234413
0 0.15463352804717712 0.4872987639848835 0.041030849769440166 0.07067430211565652
0 0.11568334464910043 0.4849021509623556 0.04361683308193857 0.07244430013985421
0 0.2094381465698156 0.32855312626703814 0.03478186175787766 0.055860830667106044
0 0.19364790990420697 0.37777259089796494 0.03635686715947648 0.06272640091019609
1 0.11199915410255498 0.40269043924518433 0.04050584796890719 0.06838577870129334
1 0.179342447340883 0.3475762922410682 0.03531887146307721 0.06112554455765987
1 0.23620105847801487 0.3783317249638933 0.03739186087970919 0.06358320964368469
1 0.2711596928010948 0.3501715552358388 0.03893384454347498 0.06226425607725092
1 0.3091692727138732 0.311188954565393 0.03638388494497634 0.06942282948162466
0 0.24877575690770412 0.49089178710619374 0.04361983505810524 0.07318834775890183
0 0.3261884745910928 0.4387371800154962 0.04622082825143676 0.07867858387833762
0 0.34211963212221885 0.36052804852032255 0.042578837385539234 0.070843443787318
0 0.2827394081458566 0.2800397366233386 0.037391860879709256 0.06358320964368461
0 0.21369785646878242 0.23382245604392735 0.030632880948446954 0.05020145287600878
0 0.2440020210269819 0.20255069463422185 0.03271487629357896 0.05489126081917646
0 0.25829830564749107 0.16655494547449068 0.03064488885311352 0.05317764335219926
0 0.29385681916095524 0.09532458467750507 0.02746185631208269 0.03126197905649536
0 0.29036342611530647 0.12431980172934261 0.029600889204380906 0.0500886917615678
0 0.3303486032336158 0.12757322348535896 0.03167988257334618 0.054034452085687856
1 0.3506465568605691 0.17292682712171986 0.03167387862101296 0.052546356847592623
0 0.3582397421375286 0.2652340120656639 0.036347861230976525 0.06049425805305323
0 0.37740779576637024 0.1583734970495662 0.03323387414177859 0.05569168899544453
0 0.35709483225858374 0.10929965531796716 0.030635882924613566 0.0509455004950564
0 0.3886724756279492 0.07407658339655097 0.024344867246718027 0.025715362379839107
0 0.4143553641734161 0.1118376590742032 0.028034889731281928 0.04545526437562061
0 0.4496860715268451 0.1119794891485685 0.026972878225549408 0.03790202707070344
0 0.45072724121372587 0.17828429807963733 0.03477285582937771 0.05362868780996318
0 0.40606726855462894 0.4225505711465766 0.04985681516500105 0.085025628731262
0 0.5386975484978844 0.3779167789165664 0.04051785587357375 0.07136196917748373
0 0.5371944185099701 0.32494844657113425 0.038447868433108434 0.06964835171050662
0 0.47277581584802664 0.274030257673374 0.038432858552275136 0.06592811361526844
0 0.4381068722250278 0.3739910226395237 0.04879480365926865 0.07747239142634484
0 0.4686812146382252 0.4096835469441039 0.04415084081097144 0.07696496641136041
0 0.5233572642286426 0.4108235764856661 0.047786827724535734 0.08331201126428481
0 0.6560926133377305 0.39223145092232264 0.04362583901043858 0.07467644299699708
0 0.5940051700427504 0.4077590223486824 0.05195081841479974 0.09269162715062015
0 0.6083072866012781 0.30929146346756153 0.039485864129507706 0.07124920806304284
1 0.6002894937110533 0.17566144538786443 0.03376487989464479 0.05946830764790311
1 0.6256796895802726 0.14087787820837383 0.031169890653646615 0.05546616676656261
0 0.4791607057179121 0.06685827595065132 0.02849685003231535 0.03211878778998396
0 0.48639682784535576 0.1345836991874136 0.03219888042154582 0.054834880261955966
0 0.5109499884070259 0.08409056117209225 0.0321958784453792 0.05409083264290831
0 0.5798609541208511 0.0979417703229321 0.03426886786201114 0.056548497728933125
0 0.5833817089806294 0.20356279176149317 0.03479386966254423 0.05883702114329652
0 0.6099656592782836 0.08115074720604493 0.027980854160282325 0.03206240723276347
0 0.6388764379929662 0.08802829650563034 0.03317083264227915 0.04006668899544453
0 0.6520463406344748 0.09244219119094324 0.03164686083551298 0.045849928276164006
0 0.6776076491451927 0.1000693382971669 0.032708872341245615 0.05340316558108118
0 0.742549580605271 0.08894412184028166 0.029990802077414933 0.018895072318788293
1 0.6901266390014843 0.13490461452760144 0.02958587932354773 0.046368453666329704
0 0.8280864893184854 0.13287331834598665 0.03426886786201114 0.056548497728933125
0 0.7824748902145622 0.14127649617483065 0.0342748718143446 0.058036592967028365
0 0.7418014476232676 0.2231037656853257 0.03895185640047501 0.06672854179153655
0 0.8198157174994385 0.19221089629470575 0.03582886338277689 0.05969382987678512
0 0.8858675200696007 0.13658377408801461 0.035846875239776796 0.06415811559107079
0 0.9121472858292852 0.13053061107768804 0.038933844543474865 0.062264256077250835
0 0.8795543335990851 0.23369308874891015 0.028556889555648293 0.04699974017093635
0 0.8563046716102474 0.28767539244299706 0.04308582732907242 0.06866768148739572
0 0.8241943494856174 0.25478991694294584 0.03790785675174205 0.0636395902009051
0 0.7913102055672528 0.28577977556654893 0.046715810290303264 0.07352663110222478
0 0.9034657593183527 0.2798133800953383 0.04465482877833801 0.07404515649239043
0 0.9103765110603453 0.39472944658440395 0.04623283615610344 0.0816547743545281
0 0.8981577188207183 0.43429893225873123 0.052961796325699036 0.08759605493172781
0 0.7296100171977699 0.3972894898500516 0.04931380150746829 0.07827281960261294
0 0.6879464385144273 0.4254607599532874 0.049352827197634716 0.087945438650232
0 0.7192827668310076 0.4582616646175078 0.05090982074223386 0.09034672317903632
0 0.3618764171083523 0.5274206767565282 0.05762076905482966 0.09182371804195032
0 0.42154281376568453 0.4870858213941047 0.05088580493290049 0.08439434222665537
0 0.49249825012255855 0.496326243250017 0.058670772655895494 0.09640076487067702
0 0.46530374170362193 0.5952444072482448 0.05400879795059849 0.09142905414140688
0 0.8714756882547033 0.3406497143166769 0.043622837034271965 0.07393239537794953
0 0.6056334330491231 0.541411680519399 0.061268763873060524 0.10114695337106519
0 0.4907436421939056 0.6366975307425249 0.06281675148915959 0.10131609504272665
0 0.10957480860086106 0.8244864185969443 0.07574967002781827 0.11091013278276239
0 0.9716272630764061 0.9274240190030882 0.056745473847187804 0.10773062082805243
0 0.7348078446488129 0.5350737005793217 0.05710777515896336 0.09251138510377745
0 0.7085866174243779 0.5556357921610768 0.06178776172126016 0.1019473815473333
0 0.9548649021757494 0.4914398651791365 0.05401780387909845 0.09366119699854975
0 0.9652128223470484 0.5663127614450914 0.06957435530590318 0.12013170737261786
0 0.9815749354724027 0.7447718682427359 0.03685012905519462 0.10696349377732839
0 0.9577861218737731 0.7680508876055987 0.07168474455105352 0.12608408832499882
0 0.8191021543841018 0.9101942085846385 0.07894170849734905 0.1350579399356095
0 0.705114926269155 0.8456789623841876 0.0701097391494547 0.11921851808190877
0 0.6457917398399589 0.7793275552491085 0.06647375223589042 0.11287147322898437
0 0.608157406948011 0.9113161083005066 0.0721587127567535 0.11572380221555263
0 0.5063110917066734 0.8518460432899754 0.04831783347740205 0.08708862991674339
0 0.48008120258236825 0.969933713601924 0.07886665909318294 0.06013257279615184
0 0.3194895813239137 0.9963622972782583 0.06981254350895706 0.007275405443483321
0 0.3991695568031919 0.6943701248906115 0.058121755046029504 0.08815986050393272
0 0.2991997735538861 0.6525825108779708 0.052958794349532656 0.0868520073126802
0 0.2826280381398113 0.6998572856254478 0.061775753816593594 0.09897119107114281
0 0.4152136324691968 0.7719825890286935 0.0493498252214681 0.08720139103118438
0 0.4420334099102475 0.7719381875279682 0.055592809280697264 0.10052676724163978
0 0.3730162180711361 0.859593097819908 0.06852572781935594 0.11012080498167587