0 0.7334059014976558 0.20911137388129078 0.038229130715178805 0.04809596915077277
1 0.3500886310009535 0.9523372511776473 0.046199513375023475 0.0417800131725071
0 0.5277268728674243 0.9653987606552296 0.04295554565936847 0.033625070602863065
0 0.6369296808872799 0.8798123188448178 0.03465447585263221 0.04724463180927283
0 0.6029906217047623 0.9080147561964201 0.039263135171221326 0.0488621115495365
1 0.6231440269548629 0.9248942232803149 0.0382113864217379 0.047363904729103665
1 0.6034471378977577 0.8472874871749789 0.03980675383940394 0.05034327938142169
1 0.6235166678869143 0.7943144384493892 0.038843726557125015 0.05250539466933472
1 0.651078294109019 0.7359698734381804 0.043818561609487744 0.04828339802479268
0 0.5269058107024647 0.8421736980180894 0.045591371961563244 0.05858341689380194
0 0.5644897031950757 0.7264384453113869 0.04923700399787344 0.06236301192197831
0 0.6180627476814384 0.6946517492140385 0.04453962321207982 0.05708521007336911
0 0.6715857757319296 0.7696612637376435 0.03980675383940394 0.050343279381422024
0 0.7015630220406512 0.8630155983602074 0.0314637410172999 0.041285882504636454
0 0.7237683109014136 0.8161884217703423 0.03407536859756757 0.04429933513404909
0 0.7484811793000323 0.7915869761101018 0.03298813126120234 0.041336999470278385
0 0.7999071750498343 0.7331736430588407 0.022264166673562336 0.03878298744577839
0 0.7778712664727697 0.7415929959938985 0.030920122349117056 0.03980471467275093
0 0.7767146709546581 0.6845771660464444 0.034039880010685766 0.04283520629071089
1 0.7463131698255796 0.6610923862219122 0.03302361984808414 0.04280112831361643
0 0.6833582726246016 0.6610090275367652 0.037738744927318886 0.048810994583894575
0 0.7569169610693847 0.6216031988802171 0.03460124297230951 0.04504843854426551
0 0.7898679847516877 0.6446367515511785 0.03197187109860048 0.041302921493183764
0 0.8161826749964587 0.5958431019987626 0.018600790343811246 0.03427132799593308
0 0.7895510159577772 0.5634542761943703 0.02834398335573119 0.0382553908866765
0 0.7902672421239004 0.5129588700877492 0.022719063874540448 0.03660383316931838
0 0.7449194548340415 0.519599791020139 0.03313008560872977 0.047193514843631074
0 0.5771929659973879 0.6108060386218311 0.05340851040892557 0.06689171036037092
0 0.6105779369125686 0.4169443606591013 0.044976776119616806 0.05417399137523999
0 0.6467172777119694 0.4131723669964039 0.043889538783251345 0.05121165571146894
0 0.6799207474429055 0.4991038234709931 0.04134888837674728 0.05112646076873273
0 0.6111739681952735 0.5599266431870336 0.04780133522117573 0.06597221706468191
0 0.5875144675381556 0.5201234587289403 0.04814976666150821 0.05940067625820726
0 0.5878709723989917 0.44257574699765667 0.05183088728470021 0.06464440012972185
0 0.6036722226289715 0.2514981074048146 0.046607632124164876 0.05861749487089639
0 0.5915900100970919 0.34150825933595175 0.058052658314396724 0.06997331894397281
0 0.659118887525786 0.30998505547522287 0.04494128753273477 0.052709862531901776
1 0.7503548535594432 0.30582846039848616 0.03715963767225448 0.04586569790867092
1 0.7744152198109994 0.2662537720711232 0.03451252150510478 0.041388116435919976
0 0.8259291059924136 0.46604619251221635 0.02787134186131218 0.03970248074146741
0 0.7757218215575584 0.46370669805921494 0.03456575438542748 0.0435843097009273
0 0.8104795359565932 0.4226760943398559 0.0340576243041269 0.04356727071237999
0 0.8026591810647794 0.3263843704504789 0.03512711734705122 0.04579754195448193
0 0.7306434366533483 0.33355380607076535 0.036669251884394564 0.0465807233417928
0 0.8464672515355292 0.3413734279344222 0.014624471160609241 0.037795338195900474
0 0.8195113597784422 0.28046816766202926 0.028852113437032006 0.03827242987522373
0 0.8153971229579647 0.24074104656653555 0.03358498280970788 0.04501436056717106
0 0.8105053644403293 0.2226183454045541 0.03302361984808414 0.04280112831361643
0 0.8680797363278295 0.14095755419669653 0.015097112655028253 0.03634824834110949
0 0.8034899464120518 0.18737732527608492 0.03305910843496617 0.044265257156954646
0 0.8420667098413461 0.06209967660486315 0.03556427025458821 0.04288632325635273
0 0.821022862704956 0.09242984522435235 0.026890570285592583 0.041132531607711104
1 0.7799538463130117 0.17390290151525853 0.028397216236054124 0.04045158415168378
1 0.8302918060002314 0.03469868380084493 0.025377469906645064 0.020600649823881597
0 0.7780487740259298 0.043033759921961 0.03614337750965285 0.045831619931576424
0 0.7210833530478985 0.11004474320216277 0.04187476275148899 0.051875564178949146
0 0.6995612302544039 0.013481007581892763 0.03595948014675717 0.017298146475028513
0 0.6791997289194807 0.04707990761607206 0.045697837722208645 0.06297580342381656
0 0.6018728066065263 0.14768979093045317 0.04832720959591744 0.06672132047489841
0 0.5818355379900086 0.2098051254326331 0.055423286440687926 0.06622780189289089
0 0.5599722369108845 0.16921024009295524 0.0570009095649133 0.06847511212354002
0 0.5045521346052726 0.6856573552694154 0.057231585379645226 0.07799194960523836
0 0.5333760233799176 0.5961830133487224 0.05242773883320575 0.06832176122661468
0 0.5286931704431135 0.49612873341971625 0.060298110160891004 0.07882624795819099
0 0.4607118135316757 0.5463195800330074 0.05761550540685951 0.07288453764210193
0 0.5007323191581713 0.34053188396673106 0.06292748203459969 0.08257176500927291
0 0.4327832128495806 0.5150714483324869 0.0629807149149225 0.08476795827428023
0 0.5080074686991604 0.1555919030582717 0.057196096792763315 0.07652782076190019
0 0.49333863680494866 0.19521740230834492 0.06345335640934152 0.08332086841948924
0 0.2537230528687684 0.07890256765591314 0.08431088846460184 0.10596436061145283
0 0.2954211606422733 0.2333072999964532 0.07437250822483153 0.09392758908234916
0 0.33924535641444664 0.3104707163566288 0.07070913189508032 0.08941592963250368
0 0.24822634784254044 0.3789893440803315 0.07192057928553214 0.09750271624795848
0 0.2865127266087102 0.5170504193474211 0.054861923479064295 0.06401456963933626
0 0.1831453518731022 0.5713537333514233 0.07721481161983136 0.10645787919346035
0 0.14752299176213893 0.8051555197664875 0.07032521186786593 0.09452334159564028
0 0.39139076246544785 0.6517812904823161 0.05421829347872215 0.07935384451729305
0 0.4177627007612099 0.7891446853477626 0.054531236332172835 0.07131817486748002
0 0.3850762224885033 0.818036589649666 0.061420836084138265 0.08325271246530008
0 0.33893560846586374 0.6374479280145107 0.05491515635938711 0.06621076290434358
0 0.33960424668414163 0.5993890975819908 0.06374855496935107 0.07455313434800719
0 0.27834229974496305 0.7075064419012197 0.06876533303708157 0.09300809578666014