0 0.7653412440648322 0.5911012649900194 0.11325576810119788 0.16717025056870863
1 0.43136645651765526 0.33422785213963635 0.19777512358710572 0.21318039624020813
1 0.6769200748248444 0.2051170652389438 0.11765978853295876 0.15900173209152152
1 0.7582043593800157 0.1044472289798875 0.10540102601955079 0.04838224730676554
1 0.776097179268516 0.23818957015333136 0.09441066222487927 0.15462693317310983
1 0.6749554282009577 0.47005791673471675 0.11417951011068524 0.1586063818189771
1 0.765202368587076 0.40355171784207244 0.11195386481501074 0.16182107584017955
1 0.7469285041114512 0.960253349607328 0.11365953835522263 0.0794933007853441
1 0.41806876328737874 0.759247568307712 0.20949225316278924 0.2613229687969717
1 0.5271509917527406 0.9483593821194359 0.17130767863201493 0.1032812357611281
0 0.34220966480305526 0.16796711257998598 0.17336590447160177 0.20867381389761502
0 0.5332665040361446 0.11727389767808451 0.17244611025717715 0.13228385819136168
0 0.627303004469968 0.5963544944419087 0.1753079288097511 0.19502433726771692
0 0.5771688456700543 0.3002001058415316 0.17341317463118938 0.21041294433239766
0 0.2801565946816083 0.9066031710803159 0.2596854738168966 0.18679365783936824