0 0.22649845482679884 0.41610728911142664 0.09775045183721191 0.18068923862545366
1 0.5613273752997557 0.7052390542197066 0.23073805274083073 0.24453585357741991
1 0.2954412751978639 0.8293637587524041 0.14121034814632893 0.17958338390794987
1 0.2139730331887895 0.9269329185707479 0.09999731445184033 0.0464911347463763
1 0.20495342395333077 0.7908040158849406 0.08604932799108025 0.16743415563809963
1 0.3025011381683832 0.546399723723856 0.13747900486274683 0.17951825674301103
1 0.22053193571679042 0.6150401185669488 0.10258069221663985 0.17704473156179015
1 0.24947450534601331 0.032767346447273665 0.09845149825421567 0.06553469289454733
1 0.5829392949372297 0.2521298458535196 0.24769180185670062 0.2970351682073248
1 0.4673473893334571 0.052724645534275826 0.19091368413955098 0.10544929106855165
0 0.6533721492125835 0.8800579541028551 0.2037493457636667 0.22169190372135494
0 0.4478038789599338 0.9228516162345765 0.1944878763187173 0.14322514949123294
0 0.3552660191100513 0.4147932377419299 0.2050655688575349 0.22357928441812575
0 0.4043813642855515 0.7341155071871949 0.20447376575707443 0.2403486201392654
0 0.7322120072566467 0.10636139814931074 0.2916955934784058 0.21272279629862148