0 0.40050258666190075 0.10732020358927394 0.13244754548626197 0.18574309539950118
1 0.6287434811079479 0.5833641314259517 0.18577273443189038 0.3543815496514879
0 0.039928433747017614 0.20783325114693058 0.07985686749403523 0.14123041206829723
0 0.877596219445295 0.14989610535177564 0.14438194642341323 0.2424293652949034
1 0.6843622178830462 0.166459864752254 0.13281939524037192 0.21769798261754633
1 0.7733173697232019 0.06255357630295932 0.11251313022778174 0.08750658041092362
1 0.6467509536831016 0.0592397387883917 0.12253819288442334 0.08776906259029531
1 0.49700015721214086 0.2170222619810051 0.13150064186344876 0.21202607460076392
1 0.5317174497936533 0.08819248607987308 0.1295475565530442 0.15184288838849283
1 0.010975137519487158 0.2521913968361241 0.021950275038974315 0.18483392149179717
1 0.11921341861238187 0.20431041597375396 0.11496930638198216 0.1909228493299616
1 0.32926201347831846 0.6817582941084409 0.2211885564543506 0.38349572600109333
1 0.1478029557685226 0.5482085958386669 0.16394451192778353 0.30871099306543576
1 0.041245764086563906 0.5970130211888866 0.08249152817312781 0.2955298017762693
0 0.7590428278519319 0.6967716160452428 0.17781646714045618 0.31659070305455306
0 0.787878665822004 0.37317970119292015 0.1652632653047067 0.31438290108221806
0 0.41436535331975516 0.31639335367210636 0.16779140448381472 0.3163282208751814
0 0.6315323542637721 0.34370247729061343 0.17906959997253638 0.3166235133269745
0 0.2018816831077463 0.8517122693091873 0.25159818962855457 0.29657546138162544