0 0.49113244056650035 0.8921765730492076 0.10451715664280031 0.16888338866915745
1 0.6406792661656208 0.37498951814274784 0.12985102653813005 0.295376147207117
0 0.14184326376717535 0.9235003149918442 0.08100482574977379 0.1276687532085749
0 0.9195112245588387 0.681131628400576 0.10703982578669419 0.19509180873695503
1 0.7422798472310853 0.731262789004909 0.0987706882134228 0.17553625154314234
1 0.9643625631331487 0.878702357479411 0.05321659397932856 0.13316771239500647
1 0.8428700425490693 0.8442096284300779 0.0835814905014127 0.1608336950155027
1 0.7266177815717566 0.8815871535590775 0.09734061736727197 0.14069291107446114
1 0.5658849954438336 0.748320105461858 0.09873019150761371 0.1703188602387945
1 0.6159031624233574 0.8778218204920547 0.10102337931859037 0.16696206291528756
1 0.0776470975822185 0.9025231023080043 0.08489007123013638 0.18002486157114064
1 0.22439883772142966 0.8948405330198197 0.08596917062594318 0.16965081073547403
1 0.35705682310321196 0.3872297409961954 0.16129502245602062 0.3126680789919469
1 0.20896194222133968 0.5679557885452495 0.11563293700643641 0.25638649636555
1 0.06267079026615574 0.5669730715460355 0.12534158053231148 0.2639503358349718
0 0.7455942340359937 0.22955402445664103 0.1284074567900434 0.258793676303653
0 0.8106725464000362 0.5103794077079082 0.11682002761773354 0.2599254890081444
0 0.4788109467568559 0.686818397803818 0.1191537121345191 0.2617860829889852
0 0.6726413442898656 0.5897500358553379 0.12956754959746772 0.2588544080766821
0 0.211263911381026 0.19668180660567705 0.18509083028970943 0.39040445358296416