0 0.7418300653594772 0.5489157635941431 0.05228758169934641 0.08884555360294812
0 0.7576252723311547 0.26513942026472814 0.029411764705882353 0.05948649346687565
0 0.7467320261437909 0.36574706606639634 0.03594771241830065 0.0658985117779161
0 0.7325708061002179 0.032571882644606386 0.07298474945533769 0.06514376528921277
0 0.7069716775599129 0.005950754993099139 0.0784313725490196 0.011901509986198279
0 0.5130718954248366 0.17254589064656647 0.11982570806100218 0.16103192990530668
0 0.6171023965141612 0.305171726995576 0.09694989106753812 0.1474831464490762
0 0.6454248366013072 0.5283744566068909 0.09259259259259259 0.13135076006516785
0 0.5626361655773421 0.5819253710236797 0.10348583877995643 0.1558714493450968
0 0.6535947712418301 0.7313278131647306 0.09368191721132897 0.14724156417102618
1 0.7096949891067538 0.8981292673256651 0.05555555555555555 0.08315828212605722