0 0.2581699346405229 0.6010299888039596 0.05228758169934641 0.08553212614807486
0 0.24237472766884532 0.31858800961870043 0.029411764705882353 0.05762269052350947
0 0.25326797385620914 0.41827540428646814 0.03594771241830065 0.06362053040269082
0 0.26742919389978215 0.06535913593164124 0.07298474945533769 0.09760828971805138
0 0.29302832244008714 0.029292930488189137 0.0784313725490196 0.05858586097637827
0 0.4869281045751634 0.20533484204447225 0.11982570806100218 0.15343865865455547
0 0.3828976034858388 0.34674907672223165 0.09694989106753812 0.1413394997098321
0 0.3545751633986928 0.5723444592816879 0.09259259259259259 0.12548323228049652
0 0.43736383442265797 0.6189014650808329 0.10348583877995643 0.14931362417399358
0 0.3464052287581699 0.775988004189953 0.09368191721132897 0.14130500664771173
1 0.2903050108932462 0.9475287516904752 0.05555555555555555 0.07963776545525451