0 0.7612127982157733 0.5489157635941431 0.055015756864062584 0.08884555360294812
0 0.7679352366164186 0.26513942026472814 0.03125169679371408 0.05948649346687565
0 0.7602460100992445 0.36574706606639634 0.03797798230832189 0.0658985117779161
0 0.7347596908253969 0.032571882644606386 0.07609360022443264 0.06514376528921277
0 0.7079550895378919 0.005950754993099139 0.08039819650497776 0.011901509986198279
0 0.5198288874025635 0.17254589064656647 0.12471104498386577 0.16103192990530668
0 0.6283640498103726 0.305171726995576 0.1014545523860227 0.1474831464490762
0 0.6639193263807192 0.5283744566068909 0.09658968643857173 0.13135076006516785
0 0.58265335777427 0.5819253710236797 0.10824428383469359 0.1558714493450968
0 0.6786241922297478 0.7313278131647306 0.09818657852981355 0.14724156417102618
1 0.7402124833911351 0.8981292673256651 0.05809339291808198 0.08315828212605722