0 0.7539195597159454 0.3505857238344677 0.05691104781757165 0.09787650449561532
0 0.7682582741415417 0.6449366165836325 0.030399220415334254 0.06453210341843445
0 0.7580954365395458 0.5408071070046672 0.03954773974193537 0.07156762241897816
0 0.7416486529588523 0.8937329335396864 0.0781080237744191 0.0814068497762279
0 0.7149436867611373 0.9240987498005773 0.08174420051374053 0.026282633967857898
0 0.5147477055391081 0.7680188269299819 0.1304941847141627 0.17885201452465768
0 0.6233856586996287 0.6185621142350478 0.10537690055390277 0.1620763537340672
0 0.6536028937777368 0.38281677806531267 0.10058869215355452 0.14518410863708764
0 0.5678890122751118 0.3363776493538478 0.11342711335136223 0.17106165096653927
0 0.6626725256844702 0.1707252439663138 0.10198323539553172 0.16175284892367828
1 0.7215263182180969 0.017982352734631512 0.06020596740499742 0.035964705469263024