0 0.2620422814104634 0.5928532880824765 0.05283262559822503 0.08718816680052706
0 0.24443448658902645 0.3109115711776457 0.029779352451637726 0.058554213390513934
0 0.255967842471585 0.41025395737615244 0.03635332648258253 0.06475905835125167
0 0.26786649656283595 0.05688917801128637 0.07360584599126925 0.09991984646209937
0 0.2932247917524736 0.025273581821299764 0.07882431117379261 0.05054716364259953
0 0.4882780388828513 0.18991296346851047 0.1208017169031803 0.1572337518164253
0 0.38514749399865195 0.3346220290277113 0.09784984727266349 0.1444100750862539
0 0.35827005401551 0.5611144336072459 0.09339114528164746 0.12841580426921406
0 0.4413629355876865 0.6050493750400082 0.10443649674311692 0.15259120463197187
0 0.3514056896443942 0.7650167348674567 0.09458187341645423 0.14427207948335538
1 0.2964018972969823 0.9383342759846723 0.0560625731359078 0.08139730864848486