0 0.67981927250421 0.4236539363202396 0.05538219615010265 0.06486961622586902
1 0.6782557581265583 0.6175172381634202 0.02540885931553749 0.038150545365264334
1 0.6762603270662917 0.8852780954407489 0.015983126853593488 0.014152419415000632
1 0.6599837895433269 0.32143535808361623 0.014069793726215085 0.01549920276525182
0 0.6577338871194391 0.27445479081446017 0.04659313365010287 0.06433190083279015
0 0.669807397218516 0.7911974685928637 0.06054355175845316 0.07543227661856976
1 0.6745608643760113 0.9984253609347115 0.010044168108350515 0.003149278130577011
0 0.6532257741677966 0.35981369383066125 0.012076876853593488 0.013913434795854747
1 0.6651384551556141 0.906555276480671 0.030212088070294296 0.03551672481954881
0 0.6521306451038339 0.5529737309213231 0.024931356844079433 0.020555237447375606
1 0.6343593981699182 0.2034922815675144 0.05396792305126641 0.04868083781301783
0 0.5488703440343268 0.627899445324613 0.04577573864058859 0.07013725731729975