0 0.31731767314350434 0.3562352034775362 0.06911941199133223 0.09180321516371112
1 0.34633530018234526 0.5748362073949869 0.03301306838375768 0.05154132482784346
1 0.38594390688524893 0.8761102925937974 0.01919155347219274 0.02190823223096281
1 0.32568701938790107 0.2389338703640633 0.018085358781927255 0.021792074736040144
0 0.3211699357479821 0.1860275014941006 0.060205480512928386 0.0875516960681164
0 0.38026051065434735 0.7689848977705339 0.0771202706483102 0.10590535417302106
1 0.40445102170537695 0.9998857210155343 0.01245782439617989 0.0002285579689314213
0 0.33815668121758813 0.2818559995057944 0.014734587732990818 0.019782472683165447
1 0.40158139266734905 0.8985586958715064 0.03851185485694514 0.05046098273435087
0 0.3666533978894363 0.49873779510767746 0.03041443526554724 0.03137545502072219
1 0.33772900646263365 0.10370858448618926 0.06655296585126177 0.07329847492469621
0 0.49381325074719445 0.5720127289705466 0.059228033735222806 0.09408005684561879