0 0.5724128624122385 0.21023144938690463 0.04289125226762325 0.08315449979135665
1 0.442779614964541 0.22841174451488763 0.025266620348919577 0.038150545365264334
1 0.00844181635986515 0.2659659777661787 0.012196182395394987 0.02124481309497498
1 0.26374470548195156 0.2532749096091502 0.009334699523308565 0.023998125950263537
1 0.6391988844179948 0.23176878875355514 0.010243057395395105 0.021125320785401955
0 0.670414782104038 0.23132318746021038 0.042584331442012235 0.06995801885294022
0 0.32610829622612447 0.25531625834210886 0.04989770133740712 0.09090410117398262
1 0.18544919391216766 0.2653859802911926 0.007176960639567853 0.015080979681746145
1 0.1438770830342541 0.27085774318926803 0.016375250907049277 0.03321400299271341
0 0.1697389381272757 0.27000760791733713 0.007074653697697497 0.010682152702274003
0 0.6130471596563405 0.24508226713399045 0.009198290267481424 0.018133023310967347
1 0.24868704021447013 0.27176640984883677 0.02348400691870356 0.04536243135481154
0 0.4839192446156214 0.2624995513546682 0.013547870348919577 0.03743359150782601
1 0.7160512499469887 0.2607433096239794 0.03211496245366652 0.08103101642888078
0 0.4260369759582886 0.42417323420631736 0.046456479128055284 0.06873072781226239
0 0.8618303459066949 0.07895244068238 0.08881449897711668 0.15790488136476