0 0.7253140291503285 0.36170197107429686 0.06667754581697137 0.08399084497713527
1 0.6941862556257388 0.5659223660270928 0.031302724148007464 0.046687020384364564
1 0.6521430024477735 0.8487831616866524 0.018227112974964755 0.019456860923701733
1 0.719339154706845 0.24867953477637414 0.017172260654289652 0.019429242150081544
0 0.7238400295610643 0.19869966875637246 0.05713477101031417 0.08057771905252459
0 0.6590104955545715 0.7472963887128773 0.07320307542334746 0.09681478546696026
1 0.6324213067964609 0.9719759288243556 0.011824343170042132 0.014544312838940476
0 0.7062275975651902 0.28780440161825205 0.01398315173197359 0.01776410734820698
1 0.6366148411611351 0.8681847850631131 0.036552433791092485 0.04524283577145482
0 0.6761546763612755 0.4919971777974275 0.02892294794345979 0.029226719545983867
1 0.7094145015579467 0.11913984013549068 0.06324291729174883 0.0665029253651342
0 0.553571721492171 0.5490260426654677 0.0572329788514769 0.08690683297657521