1 0.32631679444903866 0.18525756381505945 0.12096159362990175 0.2765635545173501
1 0.744345162499027 0.05583904804586402 0.08523486702334834 0.11167809609172805
0 0.772568649657713 0.7360537833610155 0.26328639957010624 0.38620912052418
0 0.7110862610021819 0.2962484085917281 0.15287329824354606 0.393099014880953
0 0.9793590111378833 0.381231442794846 0.04128197772423356 0.2871326110418977
0 0.9806447033562522 0.12389485754659943 0.038710593287495675 0.19433444054540439
0 0.8421963648286389 0.3303074250184532 0.13680693674447797 0.29394082163621316
0 0.5977313476568774 0.2660461761720165 0.20740587094439714 0.45965366285991227
0 0.44433891243031814 0.35504565276624017 0.1638669819728013 0.35736642118863127
0 0.2725865815770324 0.41968053285345025 0.18774550583691157 0.4243227849298642
0 0.10872579042779006 0.5088924853497596 0.20409047668671684 0.6072150293004808