0 0.34346792622393196 0.7597415036001611 0.03305392271250248 0.06929516756364068
0 0.4720920248369314 0.7280606506158255 0.02772883372923874 0.07181179037946708
0 0.04667524644951335 0.701332684875203 0.06525502835587366 0.141663700076416
0 0.12559579263752768 0.7612349078768863 0.032221924300218675 0.07396088920067341
0 0.2821773562742798 0.7847017742624187 0.035903835115762256 0.08236806634681018
0 0.3406897573272116 0.6497018694952005 0.0753230317922879 0.160404456336573
0 0.07118834555742425 0.5954853561273714 0.09687321160751347 0.1694462453280448
0 0.2071048962257805 0.7117655873335789 0.11923531903979338 0.24058994514754212
0 0.6745706920728486 0.6761631183182913 0.04595101989532895 0.09951646591906928
0 0.7118247484372293 0.5885944127666528 0.07719521518533098 0.1669965799414886
0 0.606383598478752 0.6175970764365477 0.07707030324424574 0.15744243981410025
0 0.4160633400383823 0.6773672392456063 0.08674350006217472 0.21428840815714967
0 0.4733998609102367 0.4865791761886241 0.12316705373750754 0.26810540254845594
0 0.9626433460746174 0.34081444142577494 0.0727660763081298 0.30634452948988894
0 0.8887482619304315 0.46038639109261154 0.22016592514772443 0.5154657771568456