0 0.3300902633571984 0.3865536244088053 0.02810275224688894 0.0575759818652437
0 0.023704417423934126 0.3496581613788515 0.027851615770402443 0.07971191761713996
0 0.45349209407123736 0.41779939730039434 0.02238585828492508 0.06141642101740689
0 0.055102838708513756 0.43786337302544315 0.06382194386514721 0.12037298640786485
0 0.12722268750934254 0.3832775034270632 0.0265913380753814 0.06332933485051787
0 0.27045783920505423 0.3626495072378886 0.030079923903873956 0.06960040665774732
0 0.3386017022320273 0.48937985192330885 0.06337674176971177 0.1351015147523537
0 0.09302295185962192 0.5370861035698495 0.08341555489350157 0.13865387152165703
0 0.20781516206121045 0.4300363798617053 0.10084022630221634 0.20103405519858977
0 0.6471850232136999 0.46740434481047016 0.03876257535131534 0.0837966046943398
0 0.6904727122126639 0.54945330286938 0.06436532759820428 0.1411137271486056
0 0.5895902880605197 0.5212780054173312 0.06496578218879885 0.13231112473004267
0 0.4060811468419852 0.46386274989744025 0.07128542839765184 0.18319921392236846
0 0.4784807293063727 0.6420062083401122 0.10316671607330932 0.2263918133244267
0 0.9608871429813397 0.7835590670996831 0.07623065519640856 0.2767914066666795
0 0.868586890982721 0.6705795678359452 0.18268959382296732 0.43851575362787654