0 0.24556438263282482 0.4456828039199314 0.03754655321363454 0.0723075419864331
0 0.3792742906681117 0.4198129223735814 0.031178925481685025 0.07516675145476813
0 0.03178032098506334 0.5406235517528944 0.03580030873874648 0.07870845153206259
0 0.1797155740553726 0.448102518246632 0.04046432067411478 0.08550748059958506
0 0.2675648674517707 0.5536399982416974 0.08457033067207984 0.16961379357370882
0 0.04139761977006546 0.7161599787169564 0.05328559916247463 0.15627941871585976
0 0.12251426183144105 0.5519544250097072 0.13236065867220198 0.2555762679126001
0 0.5891936280987587 0.3791480640398712 0.051709103732967075 0.1057339451499122
0 0.6449912566099514 0.44770709688922766 0.08648708986019536 0.17624219998899157
0 0.5354315189767198 0.46612649047390237 0.08544345290952385 0.16641333880089418
0 0.33539361256695177 0.49275898474313246 0.09900996760040706 0.2242128351736702
0 0.43400888205909677 0.6518536772209491 0.13821750793231594 0.28360480963401763
0 0.9505726790582214 0.5719225680923531 0.09885464188355716 0.32564502761004477
0 0.8478091529435493 0.49366392108739743 0.2495585242205538 0.5411302995363407