0 0.09060205626434163 0.9460227272727273 0.06760554228199833 0.10795454545454546
0 0.5191559298788976 0.10795454545454546 0.15459092952523693 0.2159090909090909
0 0.3808937668744191 0.9204545454545454 0.09942522183703706 0.1590909090909091
0 0.7211187627516799 0.6221590909090909 0.1673014066580536 0.2840909090909091
0 0.9689737454341948 0.6647727272727273 0.062052509131610374 0.11363636363636363
1 0.36430245964883745 0.48579545454545453 0.12800043165753675 0.25
0 0.6134937727654611 0.6789772727272727 0.15882775523617598 0.23863636363636365
0 0.09402533399138718 0.7954545454545454 0.09609053792282528 0.19318181818181818
1 0.8985949273106805 0.08238636363636363 0.13827512593919042 0.16477272727272727
0 0.22301326052480663 0.7414772727272727 0.1031207624699398 0.14772727272727273
0 0.08212030300826889 0.2897727272727273 0.15972989703290283 0.29545454545454547
0 0.8893174501059435 0.5965909090909091 0.09248521146959542 0.21022727272727273
0 0.5703200695063744 0.8892045454545454 0.0519212379536608 0.09659090909090909
0 0.6367512070857885 0.8011363636363636 0.06733489974298008 0.09090909090909091
0 0.3045906580882003 0.875 0.07535748026649444 0.10795454545454546