0 0.07727329309553041 0.07360152010189402 0.07702720634609957 0.14455812448156574
0 0.5850006963409564 0.8919203346907831 0.14896027732233186 0.21615933061843376
0 0.37392027282224266 0.08940014092121258 0.09667775494681086 0.15658298977575769
0 0.7407469246288788 0.3687444535750009 0.16153564703722445 0.27801710417171743
0 0.9774455620352289 0.3088279970251275 0.045108875929542165 0.10967374067399001
1 0.39797593032460876 0.5302039102635105 0.11808787720408304 0.24247149143358596
0 0.6291989937919253 0.3195209032162886 0.15270089449484467 0.23229806714494974
0 0.10251632532522298 0.23910159919823243 0.08973792788072742 0.19040940729444455
1 0.9502307484299636 0.9070884127155939 0.09953850314007291 0.1858231745688121
0 0.2352467337998053 0.28337068319873765 0.09640705130733988 0.1452193534121213
0 0.12806085284467908 0.7424053685405305 0.16955828866119138 0.28964523210757614
0 0.911424912107529 0.3802450863457082 0.08640336616742125 0.21300443423560608
0 0.5681247778938521 0.11305788477222292 0.052553226014992134 0.09262828612853538
0 0.6417251297267376 0.19504988636073312 0.06404578117200065 0.08734320530505059
0 0.30557402506899983 0.14667880768030342 0.07220377461570336 0.10465315142272734