0 0.2538552970218141 0.5835253801046243 0.16817944215947722 0.17863452230270296
0 0.7667611185852126 0.21983991292552457 0.10106169274068619 0.11691044311135147
0 0.6371938393958337 0.7488821950246238 0.16843615456781058 0.19485073851891918
1 0.4846141621216505 0.2889869123491886 0.1491980935988563 0.1401676234282284
0 0.6530518536550657 0.5887936745285277 0.13893881905915043 0.18843883545489507
0 0.6204693583495915 0.050934552535615255 0.08644138119052304 0.10186910507123051
0 0.3091658126228758 0.017784349298138 0.16980221348104574 0.035568698596276
0 0.6533559623616019 0.9565499604070863 0.12936103701045745 0.0476466704996999
0 0.7783498144991833 0.4871558560784375 0.05608833765408505 0.061346642569369454
0 0.7359435834959154 0.5967737106744736 0.05275415027696084 0.08284245198366368
0 0.7193077471836602 0.12681797092252164 0.06019266225620905 0.0884994818037238