0 0.7011162932163097 0.3620271765954751 0.08339417841475416 0.11303437897907874
0 0.7641434373280889 0.28171174066831794 0.09985679626113979 0.11830486018714399
0 0.31261933644905004 0.05859477490088743 0.08579502967850425 0.10606255096786253
0 0.4633470898211786 0.7575913096233857 0.16536392664681837 0.19346006230598356
0 0.4368305220828593 0.43562258510731705 0.0829193683538575 0.10216481376168743
0 0.31444070955013886 0.20269866473163742 0.07748458574516186 0.10161571616093135
0 0.8203005039041523 0.5754353839398377 0.0670898305886672 0.1113870861768105
0 0.306567409974096 0.47583756616875156 0.07524200450171067 0.11221073257794462
0 0.14013579462408612 0.7866394284625738 0.08595329969880307 0.10968573937365968
0 0.4956354418297994 0.2042314313381937 0.06629848048717289 0.09327114414782503
0 0.2964917305935026 0.8303609323361114 0.07988543700891194 0.0946438881497152
0 0.6559531997772947 0.9004554510564704 0.09157315328706454 0.05253837128204018
0 0.1968296021886068 0.4797104157724674 0.06661502052777055 0.10051752095941918