0 0.49169367304540273 0.7736586372203021 0.07448580382428957 0.09713637523934494
0 0.029825879704687794 0.3457102345245906 0.05965175940937559 0.10325975020515292
0 0.5380089056183077 0.8530417623912628 0.07794704750092307 0.11727219816455961
0 0.7661737285640453 0.3039755078710463 0.06964601110372853 0.10019806272224893
0 0.25531129179771045 0.4767430113654986 0.12647160764857915 0.19305034415175765
0 0.9196685465780723 0.39586568549290585 0.07400518198597297 0.08713637523934495
0 0.8534948180140272 0.12992059668197609 0.05836435286821711 0.07298810435472343
0 0.4834837791509774 0.44903498609742903 0.06698580382428958 0.09672890646370087
0 0.6646834176448868 0.3034746793998509 0.06666538926541186 0.09006223979703426
0 0.3244526872351403 0.9407328469247481 0.07560725478036204 0.11853430615050381
0 0.47609362492432583 0.28988671521280757 0.07400518198597282 0.08713637523934495
0 0.2868759580509412 0.08075545932490541 0.07214601110372854 0.10033388564746361
1 0.04549740900701358 0.044247302245746 0.06384497470653393 0.08325975020515285
0 0.6351995299224796 0.525789340794074 0.06102456014765607 0.07645726061327157
0 0.2313339358434842 0.27157606854176675 0.06182559654485068 0.09312392727993815
0 0.10869626403838918 0.7110752400705714 0.06278684022148417 0.11312392727993824
1 0.04318015176079641 0.4835993075181896 0.06118476742709502 0.07979059394660472
0 0.8457880814322624 0.23811810709009468 0.06086435286821711 0.07312392727993815
0 0.9383106169066063 0.6859647168540303 0.06698580382428958 0.09672890646370093
0 0.05767170389073309 0.7818279378248254 0.08358787661867872 0.1308771773483223
0 0.004284815548171973 0.8762903177895396 0.008569631096343946 0.13258063557907926
0 0.4913320197416018 0.155362095451059 0.06602456014765608 0.07672890646370088
1 0.1055290672425249 0.020772474321624827 0.04394186551495022 0.03230898972864993