0 0.6958849673983823 0.5164318700101349 0.07244445386442237 0.098769380963865
0 0.7516389289237949 0.45423052818283355 0.0875317557881516 0.10326758164659812
0 0.32461112406358067 0.15328090906630956 0.07476985001696362 0.09229685885543176
0 0.49211515977131925 0.8332629158936395 0.14410319041528027 0.1675387619277302
0 0.18703571731356433 0.044463769588379214 0.05407143462712867 0.06407703572289886
0 0.45421433567381136 0.5292665145281735 0.07218254809323427 0.08876938096386501
0 0.3318968519746202 0.2885721259036595 0.06718254809323426 0.08838109184739854
0 0.8339286395551972 0.7383881982631653 0.08994445386442237 0.10012839287149822
0 0.3359881472161875 0.5400446480120928 0.06494445386442234 0.09818694728916512
0 0.19417865015267244 0.7934930467972129 0.074857151940693 0.0956301921887651
0 0.5000516164025904 0.3265798113052891 0.057007944245775516 0.08093784694779875
0 0.3407937357416657 0.8664200978414097 0.06950794424577551 0.08190856973896501
0 0.6766112088433818 0.9920189694377931 0.08415873655085811 0.015962061124413746
0 0.269579368275429 0.05253720667674405 0.05415873655085804 0.06741036905623218
0 0.23443259048313478 0.5205151267369784 0.05718254809323426 0.08760451361446561