0 0.33775430272768175 0.5312963133708947 0.07711610778772883 0.10189130269861357
0 0.2783022687715794 0.5961300489556373 0.09578229593798016 0.10988161089074969
0 0.7266945714129927 0.9118096122929601 0.07962511897576106 0.09853727080198561
0 0.5533129573804364 0.19921451235453635 0.15588325244813656 0.17595304902507486
0 0.8670298578172315 0.9955743785571847 0.057101674284779406 0.008851242885630693
0 0.5920369185477292 0.5171440305867961 0.07674840450972026 0.09140179220910309
0 0.720414787686193 0.7701299848846308 0.07148524661498341 0.09111684900935202
0 0.19300657698734017 0.29836331465288995 0.09565972817864397 0.10638510739424599
0 0.7164240797510482 0.5064289140983679 0.06922137094562357 0.10146388789898698
0 0.8593728057108583 0.23846849066737422 0.05857248739681369 0.09739749800298116
0 0.5429958883784832 0.7291158562244368 0.06071379530683735 0.08355395561684291
0 0.7136229656518921 0.16427022204058966 0.07387169004367945 0.08426631361622056
0 0.35682408288709344 0.026297908776145563 0.08733237630050265 0.018687576781907515
0 0.782635479862438 0.9880500777144203 0.057469377562788276 0.02389984457115938
0 0.823493298156814 0.5261850278793421 0.06095893082550973 0.0905469626098499