0 0.26829997624971536 0.26414533715494326 0.07768912484549122 0.12177374988016977
0 0.9367272705713023 0.6395785448307826 0.06948793657805612 0.1037280768081848
0 0.9284555677133668 0.5256467748957351 0.05404167551465041 0.09227738774840352
0 0.7553985251841504 0.5475622239716659 0.05738197186558045 0.09049303343260794
0 0.9023513264178101 0.5972259694587501 0.07225700676578542 0.12236998988605853
0 0.7002505433182473 0.5277765627688242 0.07422256799153755 0.13787801407349806
0 0.8417074579507909 0.46269707129532917 0.1659501266997031 0.2699681454584532
0 0.5305416822989519 0.20702269685542848 0.14149916840688528 0.23733789443625253
0 0.24978617804869724 0.3522839704770922 0.08677349836419132 0.1450066999329383
0 0.1433980446615282 0.2738865979969638 0.1525025189376029 0.2924521666443424
0 0.04948421925732033 0.36750991913661035 0.09896843851464066 0.15910265138708649
0 0.05266548216462263 0.20753397173156998 0.09372621200947157 0.16602484163062556