0 0.2683425305355115 0.716237655062292 0.06423386739594078 0.1026407761032524
0 0.9520069675774077 0.5622076444058921 0.05798559797348147 0.08648368051889838
0 0.9313261775873188 0.6681228997307966 0.04387698010115552 0.07911712415540592
0 0.7679144239501781 0.5943725914207757 0.04716376291777791 0.07620439948004695
0 0.9144879895834226 0.5922127057049836 0.058264901073748356 0.10448368051889838
0 0.7126353995530077 0.5964238210317337 0.058497653657303694 0.11948368051889838
0 0.8408770253684003 0.7012402833680951 0.1361579554200004 0.2284735579207154
0 0.5136542608290672 0.8501087537610914 0.11510336778074089 0.20293245090794063
0 0.26062044012029667 0.626571831945474 0.07055972101291855 0.1237978716876064
0 0.14965203120429668 0.6686481085699975 0.11991024340373349 0.25503718129750996
0 0.06484431947201512 0.5499749529864344 0.09200167221857784 0.1313564337653093
0 0.05424942950208928 0.7046345792203342 0.07685454095208896 0.14295496727196041