0 0.2518294800424563 0.7050084833609332 0.06345016093358503 0.10209378902609387
0 0.9394970808402446 0.5210291663145107 0.05732604302991482 0.08598906454487223
0 0.9163375877106064 0.6279189741057251 0.043271741447058955 0.07874470742202129
0 0.7545433915213405 0.5612523531254472 0.04658180267345415 0.0758028876893668
0 0.9012566024018837 0.5526924213622485 0.057465675671543676 0.10398906454487218
0 0.6991829073965793 0.5657181455633811 0.057582036206234685 0.11898906454487224
0 0.825062201111838 0.6650072954042551 0.13441207468702943 0.2273155746403479
0 0.4941737488309174 0.8282613238447175 0.11355147379587803 0.20195485698280619
0 0.24619043123277834 0.6156190258688896 0.06961306568215225 0.12319851350731574
0 0.13417468296203913 0.6625680648249613 0.11795485698280625 0.25402467330362083
0 0.05207841644813805 0.5475167534818624 0.09100070059834128 0.1305708672183264
0 0.03787812605135647 0.7027436565245095 0.07575625210271295 0.1423032379885376