0 0.2518294800424563 0.7117456823070288 0.06345016093358503 0.10154687600222996
0 0.9394970808402446 0.5457351380974073 0.05732604302991482 0.08549451553393124
0 0.9163375877106064 0.6520402407987403 0.043271741447058955 0.07837234110790132
0 0.7545433915213405 0.5811235992397726 0.04658180267345415 0.0754014302569558
0 0.9012566024018837 0.5764035217981829 0.057465675671543676 0.10349451553393124
0 0.6991829073965793 0.5841407193654634 0.057582036206234685 0.11849451553393124
0 0.825062201111838 0.6867461070295449 0.13441207468702943 0.2261577481323802
0 0.4941737488309174 0.8413691901880275 0.11355147379587803 0.20097739540824044
0 0.24619043123277834 0.6221904129238246 0.06961306568215225 0.12259923647052846
0 0.13417468296203913 0.6662159264304897 0.11795485698280625 0.25301230238710604
0 0.05207841644813805 0.5489916066190258 0.09100070059834128 0.12978540702447897
0 0.03787812605135647 0.7038781589377121 0.07575625210271295 0.14165159693882698