0 0.6039615661788227 0.9779767195531555 0.027237766627454054 0.04404656089368909
0 0.5799428340309205 0.8027092474555713 0.031476363757724966 0.04781219822629967
0 0.5977836822608176 0.8261658591339409 0.027237766627454054 0.04585857764361374
0 0.576638230143779 0.859822536064602 0.023926028187255168 0.04708205888644284
1 0.5558712174339088 0.5543515263511246 0.026354874195169714 0.04422946343419691
0 0.5393725442350817 0.6761590796345811 0.054255701965969065 0.08397721720673142
0 0.5533657202097266 0.4648554788655236 0.03686165086700714 0.06068285871499649
0 0.546799274524689 0.3850562812146383 0.04061305188508372 0.07493925363315776
0 0.5172894863692855 0.07641146084717947 0.027501564174180593 0.05514650334020784
0 0.5257239185405824 0.26815252641710235 0.039422395648284765 0.062474226111047776
0 0.5246764423764545 0.1865586701986315 0.030681403841016017 0.0492790592490812
0 0.500963110925081 0.16253417236703985 0.05297354593706597 0.09774685256498834
0 0.46891696945437905 0.23937554053337431 0.056065453088325626 0.08878343324166353
0 0.47587434001443535 0.08327217108732031 0.08180836695099505 0.08201043193790855
0 0.38614905885483186 0.2212820882903076 0.12153139185073693 0.21398184758677977
0 0.4118034607322039 0.41391225521518765 0.0736353692184387 0.11826974219779483
0 0.5085360543232657 0.5326994467549429 0.062069835083165596 0.09399528224318267
0 0.5041530729517808 0.4352606447055531 0.05297354593706578 0.09774685256498843
0 0.4999798457384699 0.6118123595341646 0.06966056963489452 0.12560404731170316
0 0.4323328057704918 0.5796587465131617 0.1312432086058656 0.23190210389036084
0 0.5115941175766022 0.8100698819417533 0.08427404466363979 0.13936710032689162
0 0.4408985572454304 0.9160117565836277 0.25068205646543246 0.16797648683274474