0 0.582786357639457 0.08532592755820463 0.030883480840666413 0.05170168410688466
0 0.5489798075934404 0.05015672742397819 0.04633437618114486 0.021123410111469447
0 0.5879960732991957 0.29203970847693256 0.03566359556341976 0.052061638855686945
0 0.6033801774132673 0.25881125780307207 0.030883480840666413 0.05170168410688461
0 0.5740315768126781 0.23014976252580654 0.026147893602184235 0.053108513810379294
1 0.6057703056254702 0.580817474648679 0.02988293041184458 0.04986290870482736
0 0.5662577186071488 0.4517567302185596 0.0605437738311543 0.09273067055022798
0 0.6183243494045789 0.681396701175934 0.04084445764461446 0.06832265367516047
0 0.6253976295673027 0.7727460552180224 0.04502476929698733 0.08274489309257674
0 0.6232236906417002 0.9136568657032053 0.04371252647826647 0.06853862652444195
0 0.6364220649754609 0.9888742739941784 0.033662494705775654 0.022251452011643243
0 0.611832633322771 0.9933204863684552 0.052738426112517875 0.013359027263089709
0 0.5664202254893327 0.9601062953838552 0.06354542511762024 0.07978740923228973
0 0.47536493544823566 0.9528127024458615 0.12835592963512663 0.09437459510827716
0 0.4733690356088923 0.7983299767545848 0.08251135578096577 0.1314169449431911
0 0.5577151023142993 0.623929728721882 0.06941514523773797 0.10397929581185304
0 0.5705363109990358 0.7351096619629178 0.059988498245044986 0.10855973967113883
0 0.5346120695155705 0.5401904507953501 0.07795387847956879 0.13989091245587285
0 0.4661032187198115 0.6046871018536819 0.1467692206469263 0.25793249293633985
0 0.5122044137413468 0.31366559150669787 0.09451796092682899 0.15348224976787805
0 0.4049582530001689 0.16627860172624107 0.286015932386571 0.2931061629837595