0 0.746747159516216 0.6020071825520159 0.020271507914278574 0.04501197954275855
0 0.9425268690218404 0.5084040563656217 0.08849876125609626 0.1669274104995681
0 0.8690577817313677 0.4939608018685565 0.04305271253978162 0.09180430268220789
0 0.7810298948015979 0.5509688397208677 0.03461271538298168 0.07407495223169952
0 0.6499204971143493 0.5859753400856047 0.020319991470399826 0.05270428723506624
0 0.6642762496498886 0.6146046750889713 0.020271507914278574 0.04501197954275855
0 0.6798429234245554 0.5707650630791594 0.021889691024823986 0.03748092655593714
1 0.5143874699129918 0.5806157464448265 0.01942847786972114 0.04339289065155369
0 0.5774541436876587 0.5321803753286556 0.036376349161890476 0.0896208223218012
0 0.46649989337999787 0.5898672038429418 0.02702544498196346 0.05950315221085738
0 0.423142318268604 0.5902136723394312 0.033721201782302805 0.06476355564818714
0 0.2542565643114646 0.5850022497314556 0.02608544782516352 0.04249944793503731
0 0.06543383897728283 0.5917258835893153 0.018575751113939276 0.04023534022188764
0 0.050395052132385876 0.5870233297848456 0.02361453795883622 0.046872950492192665
0 0.1436508117759253 0.5656853739699217 0.018575751113939276 0.04023534022188764
0 0.3579774741777919 0.57034875969955 0.027054535115636137 0.064118536826242
0 0.31427110937830094 0.5815047726416418 0.021133931381284773 0.04970799151088613
0 0.09455687044344044 0.5819808493202285 0.025290901336727102 0.04857266673614049
0 0.11997353711010708 0.5795217150615627 0.027849081604072515 0.05804531802513898
0 0.02811293621895568 0.5576214930940773 0.032907261871417966 0.06775985137236708
0 0.04873294190535579 0.521759655429345 0.03800422898366034 0.08362823087344133
0 0.12666871007849542 0.45110376119456674 0.059806649607466324 0.10726300358322463
0 0.2990141465308587 0.5421868342217875 0.04467089565032704 0.08427324969538649
0 0.33609718794821647 0.47240475719450004 0.03806240925100572 0.09285900010421057
0 0.23919809212814366 0.5110286130198451 0.05920603734351469 0.14410545315355824
0 0.18439173443665288 0.48092508923990546 0.08360542507956306 0.18336672330618622
0 0.3168232736261321 0.32494778972407995 0.09534966543602366 0.1968031985522826
0 0.4228262994058896 0.341631192848778 0.051560586675151114 0.12030288390194695
0 0.4976089991512708 0.498341825977164 0.040620589518351076 0.10233165139320922
0 0.4451235442181072 0.5057290415076742 0.04384725902821785 0.08573108388110488
0 0.5387087001272952 0.47050461817022465 0.05650240640780566 0.11155587878763666
0 0.513785689985138 0.35284281139977575 0.10377026917037521 0.2114556259258678
0 0.6457968818162406 0.46091323411196194 0.060833917165284294 0.1381128617051984
0 0.7702875125609927 0.30185574060104237 0.19685265567578047 0.44494001934299776