0 0.4237593283390972 0.9738560226807402 0.024031748723168298 0.03842735622425992
0 0.4341336539548949 0.7962809345216846 0.028198415389834964 0.03869597752804251
0 0.4183783648560279 0.8213871575907783 0.024031748723168298 0.03842735622425992
0 0.441847943706314 0.8520953439923523 0.019923283338987782 0.04123565799740041
1 0.43940479975288743 0.5469256256507631 0.023169314748591886 0.03683517042504193
0 0.4645331151540315 0.6653261197446446 0.04791799424012083 0.06916240475621215
0 0.4352315128814078 0.45830291440695486 0.03176455385311328 0.05121856687876096
0 0.4358016128700987 0.37843722505884625 0.03449735898305827 0.06368743196872297
0 0.4415753996850329 0.06765090317097623 0.022568786545203542 0.0490891384719776
0 0.44769842951980177 0.2593505374917074 0.034264553853113285 0.051379739661030654
0 0.4424206458545378 0.1783395475490722 0.026560849364411374 0.04012699054499107
0 0.463980167645495 0.1520709327668127 0.04487566731921902 0.08433212309780135
0 0.5011230298347689 0.22361184521011293 0.04964286218927384 0.07234677635464822
0 0.48229233045339376 0.06412954579420029 0.07625132757345417 0.07098902962193429
0 0.5813161490607535 0.19497694465734297 0.10495503912713958 0.1804005136584511
0 0.5704285971652968 0.389421385478719 0.06427513911583048 0.09787547340289401
0 0.48425400391531315 0.5198535978619941 0.05473016411300326 0.07728450653457213
0 0.48117066351699633 0.4228499345477824 0.0456799000113089 0.0828473858200963
0 0.4986111523235144 0.5968401700575666 0.05944974296328913 0.10678389706912395
0 0.5627672337274638 0.5564152777811918 0.11274604553957071 0.19626864738987532
0 0.501933918056589 0.794505615619496 0.07376191283617156 0.11538951719429293
0 0.584252711666776 0.9222515823573286 0.23432541028250814 0.15549683528534283