1 0.7323196415635894 0.8273351693433495 0.10098793622397802 0.14354554748939669
1 0.9202981971967791 0.8169439895125773 0.0553764200393768 0.1033102074714203
1 0.7000629472934733 0.2798533003537052 0.18566955904326016 0.3725518469632915
1 0.7074188356184075 0.47124722839959376 0.1613128788286357 0.3148390918065424
1 0.5845342172133089 0.6394501922108918 0.11979409026112392 0.28640731335339253
1 0.5075358887599634 0.685162713886057 0.11659617530607799 0.2691276758876378
1 0.24664501310849615 0.6014695035234388 0.13063545698316015 0.29171354960423074
1 0.11483784743277124 0.5205808588998239 0.12830382819188493 0.2670851770615181
1 0.19774180971777697 0.44038001310673014 0.13605089473638882 0.32613092290857854
1 0.23119531953708602 0.2029059460625687 0.15142337776518913 0.3078020980068358
1 0.38264410045612834 0.3108481541458487 0.1621116207802813 0.36727354873538137
0 0.936606160371663 0.388558681106129 0.11657519287492041 0.39618469660335176
0 0.4959184122876273 0.3561143673905021 0.1733238319798673 0.3969243542746092