0 0.7880265515015142 0.14907145100831162 0.05415952266223739 0.10168085810419873
0 0.5095569121834427 0.2333921741158551 0.04485792212634282 0.16925885072898486
0 0.3319607863579662 0.1771504803550344 0.10603380334812816 0.2896737219804455
0 0.22753766000702075 0.11953242488093897 0.15941898033036547 0.22473101234372625
0 0.39405048094341255 0.23650811415256984 0.06781465742068561 0.21564899534951712
0 0.45358497577630136 0.20199548853052937 0.08061711417202277 0.20988559563795683
0 0.9509365141410925 0.2492727262989041 0.044274068187932225 0.12357983838330584
0 0.8215157145532656 0.22417989930035412 0.05192105334065534 0.13863169728973843
0 0.8722290435729115 0.21530228185543598 0.09160602347094551 0.1682766278648453
0 0.7626431225590207 0.2309470713389283 0.08900461791737868 0.17683240532198993
0 0.6565800269535669 0.15106369471686196 0.08635587285529193 0.18168447907543084
0 0.682604239822343 0.2783826852568815 0.09762938605908858 0.21536260381475367
0 0.7066041448653864 0.5654489222295316 0.11140962579941253 0.23307754368952444