0 0.8060406166996266 0.961350590239923 0.05511898107302841 0.07729881952015412
0 0.5242939121192111 0.8472472739849062 0.046468864643226984 0.17333998660795227
0 0.3484773846481201 0.8628024195733227 0.10878188175928359 0.27439516085335464
0 0.2459640711652957 0.8982987932121513 0.1615274198009933 0.2034024135756973
0 0.4085487542706658 0.8257379882609944 0.0698638710634868 0.22186786906984815
0 0.46936369182195403 0.8697978930227237 0.08260710198699722 0.2173352881154367
0 0.9656084068199929 0.901595859880246 0.04544673957889954 0.12766097426227296
0 0.8369254894766676 0.9061377639848895 0.053235866718406535 0.14342541244916027
0 0.8880077596185642 0.9173462531699087 0.09319327565669898 0.16530749366018252
0 0.7777490636170398 0.8899851310971298 0.09067478626208914 0.18512423694909794
0 0.6743770679621202 0.9291443444425515 0.08807342186226409 0.14171131111489715
0 0.6959522849449323 0.829711932799256 0.09966675453632441 0.2244317946569032
0 0.7098822675924285 0.5458820616366701 0.11361282659456295 0.24344233322340944