0 0.5647863773284926 0.17512458378437956 0.06827814598719784 0.09324712049112237
1 0.7103940542665093 0.26472228134289943 0.0837011747121005 0.14081465618034797
0 0.8425544969534726 0.27987590346768776 0.07159308353848624 0.123982297166835
1 0.8623621058967967 0.5386640795687245 0.08101300027353697 0.16505181191707904
0 0.9191228597827451 0.5518316878329601 0.14043008117580144 0.26964420531336775
0 0.8097545670373125 0.4161837527369743 0.10426002636221786 0.19358656056626733
0 0.7115832323858683 0.42402616158273193 0.12730331806307693 0.2144486749443559
0 0.5969291517571411 0.36184811879636714 0.10545131279063318 0.17571350699457702
0 0.5446717860181095 0.27327757979096423 0.07623513044340446 0.1419595097849238
0 0.5284281480763455 0.2256505246466538 0.07042019289211604 0.11117969351789754
0 0.486361792608664 0.22425970533694947 0.05181521370835336 0.10062215748679797
0 0.4452723733741598 0.20177658171360646 0.0802320184535527 0.13564004721119668
0 0.3021675322689297 0.17491313002125725 0.07992641687181949 0.12413109580454706
0 0.22399477970109216 0.15176785246009547 0.06951894809617537 0.10860726889709305
0 0.0786538044716621 0.13062167681164302 0.09747593255238174 0.15767677492140345