0 0.52625 0.16969095351858549 0.0575 0.0787800419776642
1 0.6820833333333334 0.21745626465987583 0.06583333333333333 0.1251134851791419
0 0.81375 0.19594410458337702 0.05583333333333333 0.1106898239256039
1 0.8720833333333333 0.4435518642827235 0.059166666666666666 0.15172959506808756
0 0.9366666666666666 0.4394646935954545 0.12 0.2408588711038364
0 0.8020833333333334 0.3381105321831496 0.07916666666666666 0.1741830556825804
0 0.7075 0.37309551706376903 0.1 0.19027241816197799
0 0.5858333333333333 0.343813947089458 0.08333333333333333 0.15515028879227064
0 0.52125 0.27117477506572957 0.0575 0.12865216473981245
0 0.49833333333333335 0.2287961694330214 0.056666666666666664 0.09665309151940898
0 0.45666666666666667 0.2394563191545331 0.03833333333333333 0.09216197171912476
0 0.41333333333333333 0.22831781092628642 0.06333333333333334 0.11990910439261158
0 0.26916666666666667 0.24171088036936664 0.065 0.10845968050093785
0 0.18916666666666668 0.24077171821830093 0.056666666666666664 0.09409554676237573
0 0.04375 0.2598746177284741 0.0775 0.13831790156913906