0 0.25199348103661 0.5500140786218247 0.053348993629523986 0.0900211195669225
1 0.2704172229392043 0.7901267174015348 0.08383435502510717 0.10388033862165395
0 0.2461262728814605 0.9737293809025576 0.0731630680321327 0.05254123819488477
0 0.33972244550194364 0.9571212910540496 0.11535541327309895 0.08575741789190082
0 0.36977020401600885 0.8327306896023307 0.127491003413665 0.15779819401523174
0 0.3606064803915235 0.6454495290678891 0.10402028062249864 0.1314191249927253
0 0.31853469787395994 0.5447076630710149 0.08584899362952399 0.09118190610895145
0 0.2927861083784804 0.5085741005434503 0.06496712415663239 0.08915903979323687
0 0.30312958202306306 0.4449182373137543 0.061399329086349326 0.0609367561934074
0 0.29940346128009565 0.3781988454497305 0.08035541327309896 0.09992496645615233
0 0.31988354675701824 0.15740279844992938 0.07295248555221558 0.10221463739579434
0 0.3254047270381504 0.04491547477669835 0.06252387925703261 0.06863915422199496