0 0.24993747481235298 0.5621960918485351 0.05368476742709504 0.09225635135163991
1 0.26745122106066066 0.8035381081098399 0.08421879169189139 0.10745670947720204
0 0.24243762739510108 0.9792615795697336 0.07339664980435598 0.04147684086053292
0 0.33610192803248273 0.9642740327651458 0.1157252510791191 0.07145193446970848
0 0.36665578038636504 0.8506497977431493 0.12807495784422324 0.16323725802471095
0 0.3582025346523922 0.6626421868786745 0.10450690931463043 0.1358523346990817
0 0.3165078893712308 0.5598513584124761 0.08618476742709504 0.09487003855373531
0 0.29089312276608753 0.522507045334856 0.06529803166728206 0.09191582566105502
0 0.3014799107567361 0.459205093804407 0.061623178284730025 0.06358178047198978
0 0.29800683693367724 0.3922062979672935 0.0807252510791191 0.10335232185938596
0 0.3193287900479879 0.17195043198213247 0.07333205593207841 0.10530670803132024
0 0.3252782035781961 0.05951898910351937 0.0627769261769412 0.07132143236365594