0 0.6036849969256333 0.8634307890016877 0.07449387877394702 0.10342245661507386
1 0.774021119126341 0.7788412008199703 0.08907850446237438 0.1574251029540932
0 0.9243541647223815 0.7763417157816901 0.07570301420235716 0.13823036250627396
1 0.9591734905704778 0.48591012120201393 0.07606595348825489 0.18605644946279587
0 0.9761702258443875 0.4885393837653587 0.042710376230801275 0.2735515475245121
0 0.8962413989139326 0.6190357635892628 0.11031238172018475 0.21595265574890593
0 0.7857873654939223 0.5986846873623042 0.13506302147018967 0.239798788630259
0 0.6520551214053575 0.6559873480074075 0.11204876664592468 0.19571339506753835
0 0.5870515320332458 0.7506439503043368 0.08059388452564309 0.16009597891879754
0 0.5658561483360609 0.8029859627269155 0.07559303260057003 0.12373760888308556
0 0.517668486786159 0.7995218927104819 0.05472209462865739 0.1130361430447946
0 0.47023903609733964 0.8207208010490169 0.08525379348517556 0.15152681272262514
0 0.3065799919620862 0.8351849659293333 0.08609998962768808 0.13850863165730384
0 0.21616686651611963 0.8523343011457902 0.07462585669609159 0.12081376096289996
0 0.05966265822284591 0.8582925428188047 0.08634194915161987 0.17039268962831833