0 0.5294691991620619 0.8867168608796717 0.05779089149054774 0.08083596758285781
1 0.6851425421755941 0.8556550513891719 0.0662987597182098 0.127467371016972
0 0.8169085967681978 0.8912803305075149 0.05624542961160917 0.11268615748426991
1 0.8743110773317782 0.6499252184849349 0.05973390507323463 0.1538451127198083
0 0.9389186516226573 0.6609349633857667 0.120896915429189 0.24514949845380551
0 0.8047013567482632 0.747863373372389 0.07981632432889 0.17701367789262934
0 0.7099725776696559 0.702740166901584 0.10070783596033304 0.19384794095361874
0 0.5884004507374174 0.718980500292925 0.08391026812291974 0.15812989111863784
0 0.5240837679370861 0.7846970981030906 0.057979970959403694 0.13070809034500586
0 0.5013246674944662 0.8246193064342119 0.057025432838342265 0.0986792211013388
0 0.4596119430084628 0.8094929798007242 0.03867755493048151 0.09353258878925369
0 0.41631497111144794 0.8159866640405159 0.06377936695217329 0.12217360216065055
0 0.2720780056678989 0.7871406224819985 0.06540239989525777 0.11078377031550443
0 0.1920707333806352 0.7795047249620704 0.05701573645532396 0.09612167634430525
0 0.04656195107529508 0.7448148680291008 0.07801390829996772 0.14108893173266066