0 0.24641768419267618 0.5485425504317991 0.05555909957797355 0.09744000303877756
1 0.27374737663533 0.7899203623980983 0.08762092804818634 0.11442043326643177
0 0.2554263481445044 0.9649053026455111 0.07429297146722924 0.03084917194008078
0 0.3510362141374947 0.9356175552696349 0.11825242948060732 0.07759508921587077
0 0.3772923947717387 0.8156503504918894 0.13278541069824604 0.17435848673550705
0 0.36137484104471773 0.6270466636053206 0.10808020142696807 0.1448736864468911
0 0.3147792839009788 0.5319199540367836 0.08898439656218975 0.10143462691284397
0 0.2870222567224317 0.49944706769292785 0.06754540094783656 0.09840287562403033
0 0.2951877908647438 0.4333144451934229 0.06417452921497581 0.06801281875021273
0 0.2892963847289127 0.3656919648962409 0.0840916124380038 0.11020831893948681
0 0.30262650738081787 0.13741707496985528 0.07645590503657299 0.11221400133640624
0 0.304447117058243 0.030006240570490034 0.06530978180103336 0.06001248114098007