0 0.3823536124171443 0.6828381855414672 0.08705358325611057 0.13898098385050228
0 0.15758613045210712 0.6297408369909048 0.1504650526284806 0.267288751961603
0 0.8737939730103785 0.6273327405720609 0.1174417323027277 0.18835191528945994
0 0.7938553273701019 0.9525118940030242 0.024938001814098554 0.06655556868057802
1 0.6280102139398858 0.9320570080057932 0.06879341197697508 0.10818195439889229
0 0.8467943162538426 0.9478501588284419 0.05296379809323426 0.09812530076870336
0 0.4170293185214658 0.8329027493532888 0.0692026397444564 0.1258290132224217
1 0.7237040458354226 0.8556322239045755 0.0648189573490614 0.10493249687369825
0 0.06008487591686079 0.7841067975627107 0.09386782304690061 0.1806198760206468
0 0.5083952680447744 0.8165408721081753 0.13706599614013482 0.27797447415283444
0 0.8688491374866447 0.840568034689708 0.06077629809323426 0.09874186287791531
0 0.658661888393694 0.7915679165645066 0.07735616288402425 0.14115145768457515
0 0.7946086897774347 0.7934571538003048 0.08739460639567853 0.15368686620344346
0 0.4374937356030457 0.7520141431861973 0.06738592400028343 0.1315572256362951