0 0.38651165590049325 0.6862852413731506 0.10018857155715306 0.16673902179152655
0 0.15238564672017127 0.5803423359055986 0.17542052662249122 0.31523078813517136
0 0.9103886823418137 0.7367743664223269 0.13567554445465746 0.2267038836760255
1 0.6302024065801222 0.9688031744090871 0.07930891154072046 0.06239365118182576
0 0.412854960568191 0.8516260181083558 0.0814560214553796 0.14914733020561535
1 0.7362831144032477 0.9401097278794973 0.07514746376102957 0.11978054424100541
0 0.04652892897016784 0.7206509896084399 0.09305785794033568 0.21005197921687965
0 0.5114328538763391 0.8462729745253027 0.1630086044013975 0.30745405094939465
0 0.8908474297559448 0.9507026564759583 0.07096187560867936 0.09859468704808343
0 0.672257446178067 0.8617536790237896 0.08981512757375058 0.16564641535490915
0 0.8153445871242075 0.8940191478491091 0.10232361128548255 0.18258254307884983
0 0.4401518099559416 0.7700917948435608 0.07940547303135864 0.1551788089182919