0 0.3999778306701691 0.6305694806130274 0.08449570769822845 0.1367693914357211
0 0.1742555377839749 0.6071381537786065 0.14551982654990842 0.2634827557129099
0 0.8888720288069845 0.5107234430904309 0.11397438987982089 0.18536883714859234
0 0.8178847355525557 0.8454059974174741 0.023687484874689524 0.06593838009970876
1 0.6518407031804319 0.8467832486139404 0.06680395320973331 0.10643325341976272
0 0.8705850217060072 0.8338093480754823 0.05114486436318466 0.09678805884348662
0 0.43863191561264525 0.775625495303942 0.0668721309028304 0.12408031224329247
1 0.7452668591382205 0.7580297282151055 0.06288634026088369 0.10328666065804688
0 0.0811304999706986 0.7738328506480296 0.09051416398212181 0.17825398646064827
0 0.529361324521849 0.7473201547705118 0.13189340334530653 0.2745285045763149
0 0.8896958425985748 0.7239587372080779 0.05895736436318466 0.09719889142574248
0 0.67863335016123 0.7026982757525155 0.07474144564707808 0.13919702717848934
0 0.8143414488146815 0.6867365302240555 0.08455252244247613 0.1514752737886621
0 0.45686844054485864 0.6922968267446137 0.06494173180052942 0.12985995703890496