0 0.6565460179925607 0.04923362383738816 0.08078713580363321 0.09846724767477633
0 0.6858414719604521 0.15908195130963312 0.10780154455573336 0.1671987622555628
0 0.677260612315224 0.38584499207894807 0.09273304661460753 0.14608088277657041
0 0.6956730290497969 0.6728291631148651 0.0856201940974934 0.11698293953676926
0 0.7721803012169655 0.8906456296870352 0.09804839649373967 0.07196240316122766
0 0.7013141214611832 0.8534649408087185 0.1487855678893937 0.2079342211453723
0 0.7039382213534937 0.7630907503829761 0.14697068585672582 0.20791545395243394
0 0.7087749653745462 0.5839599645555325 0.11295033744154609 0.15596474125373339
0 0.6545385098745444 0.26346609424174733 0.09636281067994328 0.14611841716244753
0 0.6219190857433888 0.14441622241732166 0.11318404452937678 0.1995037447540382
0 0.5256334330982589 0.3841862462377054 0.12268110213870283 0.21572661297679546
0 0.6997179346058928 0.48079984327920455 0.10383366253360812 0.15425800206323398