1 0.807258064516129 0.7166166033847373 0.05161290322580645 0.10132890475369483
0 0.07620967741935483 0.7972722088453963 0.075 0.1796799902216452
0 0.16653225806451613 0.7299036455837369 0.07822580645161291 0.16998510980600057
0 0.2923387096774194 0.8028463886706748 0.055645161290322584 0.11034210939173178
0 0.3596774193548387 0.8116381921323602 0.06774193548387097 0.14884304135741921
0 0.46774193548387094 0.7367032190077502 0.05967741935483871 0.126518637812004
0 0.6104838709677419 0.6854008178011786 0.04516129032258064 0.12071866558498424
0 0.9411290322580645 0.7113610174248272 0.06612903225806452 0.15154148443057117
0 0.880241935483871 0.7384346194935718 0.06854838709677419 0.14749381982084317
0 0.7556451612903226 0.7391489465338476 0.06935483870967742 0.15474058682294914
0 0.7036290322580645 0.6435281688860164 0.09112903225806451 0.21000214974800593
0 0.6556451612903226 0.6728483413279419 0.08225806451612903 0.2062189448165307
0 0.569758064516129 0.7297293135851816 0.06048387096774194 0.15955337043015577
0 0.4044354838709677 0.7353738556071681 0.05887096774193548 0.1335985183743678
0 0.3403225806451613 0.7183686231055402 0.08387096774193549 0.1519445705112869
0 0.4383064516129032 0.5062245412321834 0.09112903225806451 0.16415687754170222
0 0.5181451612903226 0.7443820005738333 0.062096774193548386 0.14396094454898106