1 0.7783949143333441 0.9004251271568107 0.05507544765238941 0.1024001661380869
0 0.0471656480501066 0.8146247617889137 0.0812015721073128 0.18123666692084006
0 0.13958125928148596 0.7678221872010529 0.08406562018599911 0.17160874034172
0 0.2622869248407328 0.8694104145122098 0.05941778432227119 0.11149706307177971
0 0.3290571570749818 0.8935348970298075 0.07285823247240399 0.15024907192443404
0 0.43942142286047586 0.8432056603542063 0.06401851982995775 0.12775728378770745
0 0.5834811924171508 0.8244048662481911 0.04934735149501663 0.12165601929632756
0 0.9119558034699139 0.924597127685095 0.07134868878171963 0.15080574462980983
0 0.8503193500660867 0.9322014510950878 0.07361300431774644 0.13559709780982454
0 0.7261618538968063 0.9112054767780361 0.07467785476845426 0.15618009430822646
0 0.6777891484775945 0.8037408931528838 0.09836419971659618 0.2118935956298232
0 0.6289267214613167 0.8221353841118537 0.08938987243953879 0.20792626764790553
0 0.5413083524738317 0.8594603046390975 0.06601360609676242 0.16080875486499016
0 0.3763992099691578 0.827461742392078 0.06347046705485912 0.13482042589094018
0 0.31313902290810686 0.7958583304300307 0.08903894449802945 0.1536853702609241
0 0.41840974110194135 0.6060246737697678 0.096710447154646 0.16604832342351966
0 0.48935953075887895 0.8623609980998644 0.06705803187939871 0.14524980590207773