0 0.8418133282695389 0.08693074624886918 0.0424282974057573 0.09209485913873881
0 0.6335099829357849 0.10919411444312856 0.07334732760882946 0.127515063574651
0 0.11931071635737708 0.19842791271860893 0.05086857719588619 0.1042234515248097
0 0.9621943157549591 0.1350112813009973 0.0756113684900818 0.1765593024610962
0 0.0257034280533566 0.24136867268187612 0.03957030078216819 0.1275778408826661
0 0.46788929560825554 0.23710372360505869 0.05158108789351522 0.10142484944536521
0 0.7606897560289729 0.25166370483713435 0.09685942808978876 0.18232530026632607
0 0.4260043828410614 0.30377761801172387 0.04516849161485363 0.12661226816036555
0 0.19870245414644438 0.32617641613559945 0.08068342537408707 0.17955808684088917
0 0.3487020778760445 0.3877475307713616 0.20523607721533513 0.3970366818093296
0 0.14302547752383057 0.4284687222158082 0.12629851260689295 0.24619861753082958
0 0.6217249654683507 0.3910149875982023 0.13065956387486866 0.256560907993206
0 0.5077508780509185 0.0470538415603285 0.03773845293432197 0.07170391538123344
0 0.7562669554484142 0.067432828766797 0.03697897177905577 0.07306985270423093
0 0.1919387082467044 0.11987269120723268 0.07291663965702291 0.13890965419277743