0 0.7633425113820252 0.13665379666917868 0.07725985897808846 0.1261384029570814
0 0.7628196567068778 0.2651430903449589 0.1023085887387851 0.15543947212329956
0 0.7096044537798623 0.4538302925727203 0.0879377450127613 0.13694851604229763
0 0.6673007783086292 0.7127649285954212 0.08096130440869098 0.10783425792505494
0 0.6868632341984677 0.9549995758393846 0.10319463715447444 0.07749340380410076
0 0.6348984780110631 0.8798230088885128 0.14375007290091013 0.2124236008255993
0 0.6562380776574925 0.7954760681626616 0.1397062515501015 0.1940393939154406
0 0.6973672945145851 0.6451530499747624 0.10712123626693497 0.14478948279434814
0 0.7138703895262833 0.3344797277665978 0.0913800858044995 0.13698409909924542
0 0.7089498105546236 0.21063541252166043 0.1076139823269087 0.18606499069983598
0 0.5745766520410595 0.3527448613205431 0.11677119148540265 0.20297352020764878
0 0.7101804711211781 0.5501872550947888 0.09851538428758902 0.14470052515197887